# f [Hz]   Optimal    10%        Median
1.0000e+00 1.0591e-19 1.6047e-19 3.0898e-19
1.0086e+00 1.0591e-19 1.6047e-19 3.0898e-19
1.0172e+00 1.0591e-19 1.6047e-19 3.0898e-19
1.0259e+00 1.0591e-19 1.6047e-19 3.0898e-19
1.0347e+00 1.0591e-19 1.6047e-19 3.0898e-19
1.0436e+00 1.0591e-19 1.6047e-19 3.0898e-19
1.0525e+00 1.0591e-19 1.6047e-19 3.0898e-19
1.0615e+00 1.0591e-19 1.6047e-19 3.0898e-19
1.0706e+00 1.0591e-19 1.6047e-19 3.0898e-19
1.0798e+00 1.0591e-19 1.6047e-19 3.0898e-19
1.0890e+00 1.0591e-19 1.6047e-19 3.0898e-19
1.0983e+00 1.0591e-19 1.6047e-19 3.0898e-19
1.1077e+00 1.0591e-19 1.6047e-19 3.0898e-19
1.1172e+00 1.0591e-19 1.6047e-19 3.0898e-19
1.1268e+00 1.0591e-19 1.6047e-19 3.0898e-19
1.1364e+00 1.0591e-19 1.6047e-19 3.0898e-19
1.1462e+00 1.0591e-19 1.6047e-19 3.0898e-19
1.1560e+00 1.0591e-19 1.6047e-19 3.0898e-19
1.1659e+00 1.0591e-19 1.6047e-19 3.0898e-19
1.1758e+00 1.0591e-19 1.6047e-19 3.0898e-19
1.1859e+00 1.0591e-19 1.6047e-19 3.0898e-19
1.1961e+00 1.0591e-19 1.6047e-19 3.0898e-19
1.2063e+00 1.0591e-19 1.6047e-19 3.0898e-19
1.2166e+00 1.0591e-19 1.6047e-19 3.0898e-19
1.2271e+00 1.0591e-19 1.6047e-19 3.0898e-19
1.2376e+00 1.0591e-19 1.6047e-19 3.0898e-19
1.2482e+00 1.0591e-19 1.6047e-19 3.0898e-19
1.2588e+00 1.0591e-19 1.6047e-19 3.0898e-19
1.2696e+00 1.0591e-19 1.6047e-19 3.0898e-19
1.2805e+00 1.0591e-19 1.6047e-19 3.0898e-19
1.2915e+00 1.0591e-19 1.6047e-19 3.0898e-19
1.3025e+00 1.0591e-19 1.6047e-19 3.0898e-19
1.3137e+00 1.0591e-19 1.6047e-19 3.0898e-19
1.3249e+00 1.0591e-19 1.6047e-19 3.0898e-19
1.3363e+00 1.0591e-19 1.6047e-19 3.0898e-19
1.3477e+00 1.0591e-19 1.6047e-19 3.0898e-19
1.3592e+00 1.0591e-19 1.6047e-19 3.0898e-19
1.3709e+00 1.0591e-19 1.6047e-19 3.0898e-19
1.3826e+00 1.0591e-19 1.6047e-19 3.0898e-19
1.3945e+00 1.0591e-19 1.6047e-19 3.0898e-19
1.4064e+00 1.0591e-19 1.6047e-19 3.0898e-19
1.4184e+00 1.0591e-19 1.6047e-19 3.0898e-19
1.4306e+00 1.0591e-19 1.6047e-19 3.0898e-19
1.4428e+00 1.0591e-19 1.6047e-19 3.0898e-19
1.4552e+00 1.0591e-19 1.6047e-19 3.0898e-19
1.4676e+00 1.0591e-19 1.6047e-19 3.0898e-19
1.4802e+00 1.0591e-19 1.6047e-19 3.0898e-19
1.4929e+00 1.0591e-19 1.6047e-19 3.0898e-19
1.5057e+00 1.0591e-19 1.6047e-19 3.0898e-19
1.5186e+00 1.0591e-19 1.6047e-19 3.0898e-19
1.5316e+00 1.0591e-19 1.6047e-19 3.0898e-19
1.5447e+00 1.0591e-19 1.6047e-19 3.0898e-19
1.5579e+00 1.0591e-19 1.6047e-19 3.0898e-19
1.5712e+00 1.0591e-19 1.6047e-19 3.0898e-19
1.5847e+00 1.0591e-19 1.6047e-19 3.0898e-19
1.5983e+00 1.0591e-19 1.6047e-19 3.0898e-19
1.6119e+00 1.0591e-19 1.6047e-19 3.0898e-19
1.6257e+00 1.0591e-19 1.6047e-19 3.0898e-19
1.6397e+00 1.0591e-19 1.6047e-19 3.0898e-19
1.6537e+00 1.0591e-19 1.6047e-19 3.0898e-19
1.6679e+00 1.0591e-19 1.6047e-19 3.0898e-19
1.6821e+00 1.0591e-19 1.6047e-19 3.0898e-19
1.6965e+00 1.0591e-19 1.6047e-19 3.0898e-19
1.7111e+00 1.0591e-19 1.6047e-19 3.0898e-19
1.7257e+00 1.0591e-19 1.6047e-19 3.0898e-19
1.7405e+00 1.0591e-19 1.6047e-19 3.0898e-19
1.7554e+00 1.0591e-19 1.6047e-19 3.0898e-19
1.7704e+00 1.0591e-19 1.6047e-19 3.0898e-19
1.7856e+00 1.0591e-19 1.6047e-19 3.0898e-19
1.8009e+00 1.0591e-19 1.6047e-19 3.0898e-19
1.8163e+00 1.0591e-19 1.6047e-19 3.0898e-19
1.8318e+00 1.0591e-19 1.6047e-19 3.0898e-19
1.8475e+00 1.0591e-19 1.6047e-19 3.0898e-19
1.8634e+00 1.0591e-19 1.6047e-19 3.0898e-19
1.8793e+00 1.0591e-19 1.6047e-19 3.0898e-19
1.8954e+00 1.0591e-19 1.6047e-19 3.0898e-19
1.9116e+00 1.0591e-19 1.6047e-19 3.0898e-19
1.9280e+00 1.0591e-19 1.6047e-19 3.0898e-19
1.9445e+00 1.0591e-19 1.6047e-19 3.0898e-19
1.9612e+00 1.0591e-19 1.6047e-19 3.0898e-19
1.9779e+00 1.0591e-19 1.6047e-19 3.0898e-19
1.9949e+00 1.0591e-19 1.6047e-19 3.0898e-19
2.0120e+00 1.0591e-19 1.6047e-19 3.0898e-19
2.0292e+00 1.0591e-19 1.6047e-19 3.0898e-19
2.0466e+00 1.0591e-19 1.6047e-19 3.0898e-19
2.0641e+00 1.0591e-19 1.6047e-19 3.0898e-19
2.0818e+00 1.0591e-19 1.6047e-19 3.0898e-19
2.0996e+00 1.0591e-19 1.6047e-19 3.0898e-19
2.1176e+00 1.0591e-19 1.6047e-19 3.0898e-19
2.1357e+00 1.0591e-19 1.6047e-19 3.0898e-19
2.1540e+00 1.0591e-19 1.6047e-19 3.0898e-19
2.1724e+00 1.0591e-19 1.6047e-19 3.0898e-19
2.1910e+00 1.0591e-19 1.6047e-19 3.0898e-19
2.2098e+00 1.0591e-19 1.6047e-19 3.0898e-19
2.2287e+00 1.0591e-19 1.6047e-19 3.0898e-19
2.2478e+00 1.0591e-19 1.6047e-19 3.0898e-19
2.2670e+00 1.0591e-19 1.6047e-19 3.0898e-19
2.2864e+00 1.0591e-19 1.6047e-19 3.0898e-19
2.3060e+00 1.0591e-19 1.6047e-19 3.0898e-19
2.3258e+00 1.0591e-19 1.6047e-19 3.0898e-19
2.3457e+00 1.0591e-19 1.6047e-19 3.0898e-19
2.3658e+00 1.0591e-19 1.6047e-19 3.0898e-19
2.3860e+00 1.0591e-19 1.6047e-19 3.0898e-19
2.4064e+00 1.0591e-19 1.6047e-19 3.0898e-19
2.4270e+00 1.0591e-19 1.6047e-19 3.0898e-19
2.4478e+00 1.0591e-19 1.6047e-19 3.0898e-19
2.4688e+00 1.0591e-19 1.6047e-19 3.0898e-19
2.4899e+00 1.0591e-19 1.6047e-19 3.0898e-19
2.5112e+00 1.0591e-19 1.6047e-19 3.0898e-19
2.5327e+00 1.0591e-19 1.6047e-19 3.0898e-19
2.5544e+00 1.0591e-19 1.6047e-19 3.0898e-19
2.5763e+00 1.0591e-19 1.6047e-19 3.0898e-19
2.5984e+00 1.0591e-19 1.6047e-19 3.0898e-19
2.6206e+00 1.0591e-19 1.6047e-19 3.0898e-19
2.6430e+00 1.0591e-19 1.6047e-19 3.0898e-19
2.6657e+00 1.0591e-19 1.6047e-19 3.0898e-19
2.6885e+00 1.0591e-19 1.6047e-19 3.0898e-19
2.7115e+00 1.0591e-19 1.6047e-19 3.0898e-19
2.7347e+00 1.0591e-19 1.6047e-19 3.0898e-19
2.7582e+00 1.0591e-19 1.6047e-19 3.0898e-19
2.7818e+00 1.0591e-19 1.6047e-19 3.0898e-19
2.8056e+00 1.0591e-19 1.6047e-19 3.0898e-19
2.8296e+00 1.0591e-19 1.6047e-19 3.0898e-19
2.8538e+00 1.0591e-19 1.6047e-19 3.0898e-19
2.8783e+00 1.0591e-19 1.6047e-19 3.0898e-19
2.9029e+00 1.0591e-19 1.6047e-19 3.0898e-19
2.9278e+00 1.0591e-19 1.6047e-19 3.0898e-19
2.9528e+00 1.0591e-19 1.6047e-19 3.0898e-19
2.9781e+00 1.0591e-19 1.6047e-19 3.0898e-19
3.0036e+00 1.0591e-19 1.6047e-19 3.0898e-19
3.0293e+00 1.0591e-19 1.6047e-19 3.0898e-19
3.0553e+00 1.0591e-19 1.6047e-19 3.0898e-19
3.0814e+00 1.0591e-19 1.6047e-19 3.0898e-19
3.1078e+00 1.0591e-19 1.6047e-19 3.0898e-19
3.1344e+00 1.0591e-19 1.6047e-19 3.0898e-19
3.1613e+00 1.0591e-19 1.6047e-19 3.0898e-19
3.1883e+00 1.0591e-19 1.6047e-19 3.0898e-19
3.2156e+00 1.0591e-19 1.6047e-19 3.0898e-19
3.2432e+00 1.0591e-19 1.6047e-19 3.0898e-19
3.2709e+00 1.0591e-19 1.6047e-19 3.0898e-19
3.2989e+00 1.0591e-19 1.6047e-19 3.0898e-19
3.3272e+00 1.0591e-19 1.6047e-19 3.0898e-19
3.3557e+00 1.0591e-19 1.6047e-19 3.0898e-19
3.3844e+00 1.0591e-19 1.6047e-19 3.0898e-19
3.4134e+00 1.0591e-19 1.6047e-19 3.0898e-19
3.4426e+00 1.0591e-19 1.6047e-19 3.0898e-19
3.4721e+00 1.0591e-19 1.6047e-19 3.0898e-19
3.5018e+00 1.0591e-19 1.6047e-19 3.0898e-19
3.5318e+00 1.0591e-19 1.6047e-19 3.0898e-19
3.5620e+00 1.0591e-19 1.6047e-19 3.0898e-19
3.5925e+00 1.0591e-19 1.6047e-19 3.0898e-19
3.6233e+00 1.0591e-19 1.6047e-19 3.0898e-19
3.6543e+00 1.0591e-19 1.6047e-19 3.0898e-19
3.6856e+00 1.0591e-19 1.6047e-19 3.0898e-19
3.7172e+00 1.0591e-19 1.6047e-19 3.0898e-19
3.7490e+00 1.0591e-19 1.6047e-19 3.0898e-19
3.7811e+00 1.0591e-19 1.6047e-19 3.0898e-19
3.8135e+00 1.0591e-19 1.6047e-19 3.0898e-19
3.8461e+00 1.0591e-19 1.6047e-19 3.0898e-19
3.8790e+00 1.0591e-19 1.6047e-19 3.0898e-19
3.9123e+00 1.0591e-19 1.6047e-19 3.0898e-19
3.9458e+00 1.0591e-19 1.6047e-19 3.0898e-19
3.9795e+00 1.0591e-19 1.6047e-19 3.0898e-19
4.0136e+00 1.0591e-19 1.6047e-19 3.0898e-19
4.0480e+00 1.0591e-19 1.6047e-19 3.0898e-19
4.0826e+00 1.0591e-19 1.6047e-19 3.0898e-19
4.1176e+00 1.0591e-19 1.6047e-19 3.0898e-19
4.1529e+00 1.0591e-19 1.6047e-19 3.0898e-19
4.1884e+00 1.0591e-19 1.6047e-19 3.0898e-19
4.2243e+00 1.0591e-19 1.6047e-19 3.0898e-19
4.2604e+00 1.0591e-19 1.6047e-19 3.0898e-19
4.2969e+00 1.0591e-19 1.6047e-19 3.0898e-19
4.3337e+00 1.0591e-19 1.6047e-19 3.0898e-19
4.3708e+00 1.0591e-19 1.6047e-19 3.0898e-19
4.4082e+00 1.0591e-19 1.6047e-19 3.0898e-19
4.4460e+00 1.0591e-19 1.6047e-19 3.0898e-19
4.4840e+00 1.0591e-19 1.6047e-19 3.0898e-19
4.5224e+00 1.0591e-19 1.6047e-19 3.0898e-19
4.5612e+00 1.0591e-19 1.6047e-19 3.0898e-19
4.6002e+00 1.0591e-19 1.6047e-19 3.0898e-19
4.6396e+00 1.0591e-19 1.6047e-19 3.0898e-19
4.6793e+00 1.0591e-19 1.6047e-19 3.0898e-19
4.7194e+00 1.0591e-19 1.6047e-19 3.0898e-19
4.7598e+00 1.0591e-19 1.6047e-19 3.0898e-19
4.8006e+00 1.0591e-19 1.6047e-19 3.0898e-19
4.8417e+00 1.0591e-19 1.6047e-19 3.0898e-19
4.8831e+00 1.0591e-19 1.6047e-19 3.0898e-19
4.9249e+00 1.0591e-19 1.6047e-19 3.0898e-19
4.9671e+00 1.0591e-19 1.6047e-19 3.0898e-19
5.0096e+00 2.0704e-20 3.1371e-20 6.0404e-20
5.0525e+00 1.8734e-20 2.8386e-20 5.4656e-20
5.0958e+00 1.6960e-20 2.5699e-20 4.9481e-20
5.1394e+00 1.5363e-20 2.3279e-20 4.4822e-20
5.1834e+00 1.3926e-20 2.1101e-20 4.0629e-20
5.2278e+00 1.2630e-20 1.9137e-20 3.6847e-20
5.2726e+00 1.1460e-20 1.7364e-20 3.3433e-20
5.3177e+00 1.0405e-20 1.5766e-20 3.0356e-20
5.3632e+00 9.4517e-21 1.4321e-20 2.7575e-20
5.4092e+00 8.5897e-21 1.3015e-20 2.5060e-20
5.4555e+00 7.8107e-21 1.1835e-20 2.2787e-20
5.5022e+00 7.1062e-21 1.0767e-20 2.0732e-20
5.5493e+00 6.4681e-21 9.8005e-21 1.8870e-20
5.5968e+00 5.8900e-21 8.9245e-21 1.7184e-20
5.6447e+00 5.3668e-21 8.1318e-21 1.5657e-20
5.6931e+00 4.8922e-21 7.4127e-21 1.4273e-20
5.7418e+00 4.4615e-21 6.7601e-21 1.3016e-20
5.7910e+00 4.0711e-21 6.1686e-21 1.1877e-20
5.8405e+00 3.7167e-21 5.6315e-21 1.0843e-20
5.8906e+00 3.3946e-21 5.1435e-21 9.9035e-21
5.9410e+00 3.1021e-21 4.7003e-21 9.0502e-21
5.9919e+00 2.8364e-21 4.2978e-21 8.2751e-21
6.0432e+00 2.5948e-21 3.9316e-21 7.5700e-21
6.0949e+00 2.3749e-21 3.5984e-21 6.9286e-21
6.1471e+00 2.1751e-21 3.2958e-21 6.3458e-21
6.1997e+00 1.9932e-21 3.0202e-21 5.8151e-21
6.2528e+00 1.8276e-21 2.7692e-21 5.3318e-21
6.3063e+00 1.6769e-21 2.5409e-21 4.8922e-21
6.3603e+00 1.5397e-21 2.3329e-21 4.4919e-21
6.4148e+00 1.4146e-21 2.1434e-21 4.1270e-21
6.4697e+00 1.3007e-21 1.9709e-21 3.7947e-21
6.5251e+00 1.1970e-21 1.8137e-21 3.4922e-21
6.5810e+00 1.1025e-21 1.6705e-21 3.2163e-21
6.6373e+00 1.0163e-21 1.5399e-21 2.9649e-21
6.6942e+00 9.3783e-22 1.4210e-21 2.7361e-21
6.7515e+00 8.6632e-22 1.3127e-21 2.5274e-21
6.8093e+00 8.0112e-22 1.2139e-21 2.3372e-21
6.8676e+00 7.4178e-22 1.1239e-21 2.1641e-21
6.9264e+00 6.8772e-22 1.0420e-21 2.0064e-21
6.9857e+00 6.3847e-22 9.6741e-22 1.8627e-21
7.0455e+00 5.9364e-22 8.9948e-22 1.7319e-21
7.1058e+00 5.5287e-22 8.3771e-22 1.6130e-21
7.1667e+00 5.1576e-22 7.8148e-22 1.5047e-21
7.2280e+00 4.8200e-22 7.3033e-22 1.4062e-21
7.2899e+00 4.5137e-22 6.8392e-22 1.3168e-21
7.3523e+00 4.2353e-22 6.4174e-22 1.2356e-21
7.4153e+00 3.9826e-22 6.0344e-22 1.1619e-21
7.4788e+00 3.7536e-22 5.6875e-22 1.0951e-21
7.5428e+00 3.5462e-22 5.3732e-22 1.0346e-21
7.6074e+00 3.3584e-22 5.0887e-22 9.7978e-22
7.6725e+00 3.1887e-22 4.8315e-22 9.3027e-22
7.7382e+00 3.0357e-22 4.5997e-22 8.8563e-22
7.8045e+00 2.8977e-22 4.3907e-22 8.4539e-22
7.8713e+00 2.7737e-22 4.2027e-22 8.0920e-22
7.9387e+00 2.6627e-22 4.0345e-22 7.7682e-22
8.0067e+00 2.5635e-22 3.8842e-22 7.4788e-22
8.0752e+00 2.4753e-22 3.7506e-22 7.2214e-22
8.1444e+00 2.3975e-22 3.6327e-22 6.9944e-22
8.2141e+00 2.3294e-22 3.5296e-22 6.7959e-22
8.2844e+00 2.2706e-22 3.4405e-22 6.6244e-22
8.3554e+00 2.2209e-22 3.3651e-22 6.4793e-22
8.4269e+00 2.1802e-22 3.3035e-22 6.3606e-22
8.4991e+00 2.1486e-22 3.2555e-22 6.2682e-22
8.5718e+00 2.1263e-22 3.2218e-22 6.2033e-22
8.6452e+00 2.1144e-22 3.2037e-22 6.1685e-22
8.7192e+00 2.1138e-22 3.2028e-22 6.1667e-22
8.7939e+00 2.1262e-22 3.2217e-22 6.2030e-22
8.8692e+00 2.1545e-22 3.2645e-22 6.2855e-22
8.9451e+00 2.2025e-22 3.3373e-22 6.4256e-22
9.0217e+00 2.2759e-22 3.4485e-22 6.6398e-22
9.0990e+00 2.3839e-22 3.6121e-22 6.9547e-22
9.1769e+00 2.5416e-22 3.8511e-22 7.4149e-22
9.2555e+00 2.7731e-22 4.2019e-22 8.0903e-22
9.3347e+00 3.1227e-22 4.7316e-22 9.1102e-22
9.4146e+00 3.6863e-22 5.5855e-22 1.0754e-21
9.4952e+00 4.6836e-22 7.0967e-22 1.3664e-21
9.5765e+00 6.7966e-22 1.0298e-21 1.9829e-21
9.6585e+00 1.3887e-21 2.1042e-21 4.0515e-21
9.7412e+00 1.7460e-20 2.6455e-20 5.0936e-20
9.8246e+00 1.0370e-21 1.5713e-21 3.0254e-21
9.9088e+00 5.2929e-22 8.0198e-22 1.5441e-21
9.9936e+00 3.5491e-22 5.3777e-22 1.0354e-21
1.0079e+01 2.6706e-22 4.0465e-22 7.7912e-22
1.0165e+01 2.1512e-22 3.2595e-22 6.2758e-22
1.0252e+01 1.8147e-22 2.7497e-22 5.2943e-22
1.0340e+01 1.5803e-22 2.3945e-22 4.6104e-22
1.0429e+01 1.4089e-22 2.1348e-22 4.1103e-22
1.0518e+01 1.2791e-22 1.9381e-22 3.7316e-22
1.0608e+01 1.1776e-22 1.7843e-22 3.4355e-22
1.0699e+01 1.0958e-22 1.6604e-22 3.1970e-22
1.0791e+01 1.0285e-22 1.5584e-22 3.0006e-22
1.0883e+01 9.7206e-23 1.4729e-22 2.8359e-22
1.0976e+01 9.2366e-23 1.3995e-22 2.6947e-22
1.1070e+01 8.8152e-23 1.3357e-22 2.5717e-22
1.1165e+01 8.4438e-23 1.2794e-22 2.4634e-22
1.1261e+01 8.1118e-23 1.2291e-22 2.3665e-22
1.1357e+01 7.8117e-23 1.1836e-22 2.2790e-22
1.1454e+01 7.5381e-23 1.1422e-22 2.1991e-22
1.1552e+01 7.2866e-23 1.1041e-22 2.1258e-22
1.1651e+01 7.0536e-23 1.0688e-22 2.0578e-22
1.1751e+01 6.8365e-23 1.0359e-22 1.9945e-22
1.1852e+01 6.6334e-23 1.0051e-22 1.9352e-22
1.1953e+01 6.4422e-23 9.7613e-23 1.8794e-22
1.2055e+01 6.2617e-23 9.4877e-23 1.8268e-22
1.2159e+01 6.0907e-23 9.2287e-23 1.7769e-22
1.2263e+01 5.9283e-23 8.9826e-23 1.7295e-22
1.2368e+01 5.7735e-23 8.7481e-23 1.6844e-22
1.2474e+01 5.6258e-23 8.5243e-23 1.6413e-22
1.2580e+01 5.4847e-23 8.3104e-23 1.6001e-22
1.2688e+01 5.3494e-23 8.1054e-23 1.5606e-22
1.2797e+01 5.2196e-23 7.9087e-23 1.5227e-22
1.2906e+01 5.0950e-23 7.7199e-23 1.4864e-22
1.3017e+01 4.9751e-23 7.5383e-23 1.4514e-22
1.3128e+01 4.8596e-23 7.3634e-23 1.4177e-22
1.3241e+01 4.7484e-23 7.1948e-23 1.3853e-22
1.3354e+01 4.6411e-23 7.0323e-23 1.3540e-22
1.3468e+01 4.5375e-23 6.8753e-23 1.3238e-22
1.3584e+01 4.4374e-23 6.7236e-23 1.2946e-22
1.3700e+01 4.3406e-23 6.5770e-23 1.2663e-22
1.3817e+01 4.2470e-23 6.4351e-23 1.2390e-22
1.3936e+01 4.1563e-23 6.2977e-23 1.2125e-22
1.4055e+01 4.0685e-23 6.1646e-23 1.1869e-22
1.4175e+01 3.9833e-23 6.0356e-23 1.1621e-22
1.4297e+01 3.9007e-23 5.9104e-23 1.1380e-22
1.4419e+01 3.8206e-23 5.7890e-23 1.1146e-22
1.4543e+01 3.7428e-23 5.6711e-23 1.0919e-22
1.4667e+01 3.6672e-23 5.5566e-23 1.0699e-22
1.4793e+01 3.5937e-23 5.4453e-23 1.0484e-22
1.4919e+01 3.5223e-23 5.3371e-23 1.0276e-22
1.5047e+01 3.4529e-23 5.2318e-23 1.0073e-22
1.5176e+01 3.3853e-23 5.1294e-23 9.8761e-23
1.5306e+01 3.3195e-23 5.0298e-23 9.6842e-23
1.5437e+01 3.2555e-23 4.9327e-23 9.4974e-23
1.5569e+01 3.1931e-23 4.8382e-23 9.3154e-23
1.5702e+01 3.1323e-23 4.7461e-23 9.1381e-23
1.5837e+01 3.0731e-23 4.6564e-23 8.9654e-23
1.5972e+01 3.0154e-23 4.5689e-23 8.7969e-23
1.6109e+01 2.9591e-23 4.4836e-23 8.6326e-23
1.6247e+01 2.9041e-23 4.4004e-23 8.4724e-23
1.6386e+01 2.8506e-23 4.3192e-23 8.3161e-23
1.6526e+01 2.7983e-23 4.2400e-23 8.1636e-23
1.6668e+01 2.7473e-23 4.1627e-23 8.0147e-23
1.6811e+01 2.6974e-23 4.0872e-23 7.8694e-23
1.6955e+01 2.6488e-23 4.0135e-23 7.7274e-23
1.7100e+01 2.6013e-23 3.9415e-23 7.5889e-23
1.7246e+01 2.5549e-23 3.8712e-23 7.4535e-23
1.7394e+01 2.5095e-23 3.8025e-23 7.3212e-23
1.7543e+01 2.4652e-23 3.7354e-23 7.1919e-23
1.7693e+01 2.4220e-23 3.6698e-23 7.0657e-23
1.7844e+01 2.3796e-23 3.6057e-23 6.9422e-23
1.7997e+01 2.3383e-23 3.5430e-23 6.8215e-23
1.8151e+01 2.2978e-23 3.4817e-23 6.7035e-23
1.8307e+01 2.2583e-23 3.4218e-23 6.5882e-23
1.8464e+01 2.2196e-23 3.3632e-23 6.4753e-23
1.8622e+01 2.1818e-23 3.3059e-23 6.3650e-23
1.8781e+01 2.1448e-23 3.2498e-23 6.2571e-23
1.8942e+01 2.1086e-23 3.1950e-23 6.1515e-23
1.9104e+01 2.0732e-23 3.1413e-23 6.0482e-23
1.9268e+01 2.0385e-23 3.0888e-23 5.9471e-23
1.9433e+01 2.0046e-23 3.0375e-23 5.8482e-23
1.9599e+01 1.9715e-23 2.9872e-23 5.7514e-23
1.9767e+01 1.9390e-23 2.9380e-23 5.6567e-23
1.9936e+01 1.9072e-23 2.8899e-23 5.5640e-23
2.0107e+01 1.8761e-23 2.8428e-23 5.4733e-23
2.0279e+01 1.8457e-23 2.7966e-23 5.3845e-23
2.0452e+01 1.8159e-23 2.7515e-23 5.2976e-23
2.0628e+01 1.7867e-23 2.7073e-23 5.2125e-23
2.0804e+01 1.7582e-23 2.6640e-23 5.1291e-23
2.0982e+01 1.7302e-23 2.6216e-23 5.0475e-23
2.1162e+01 1.7028e-23 2.5801e-23 4.9677e-23
2.1343e+01 1.6760e-23 2.5395e-23 4.8894e-23
2.1526e+01 1.6498e-23 2.4997e-23 4.8128e-23
2.1710e+01 1.6240e-23 2.4608e-23 4.7378e-23
2.1896e+01 1.5989e-23 2.4226e-23 4.6644e-23
2.2084e+01 1.5742e-23 2.3853e-23 4.5925e-23
2.2273e+01 1.5501e-23 2.3487e-23 4.5220e-23
2.2463e+01 1.5264e-23 2.3128e-23 4.4530e-23
2.2656e+01 1.5032e-23 2.2777e-23 4.3854e-23
2.2850e+01 1.4806e-23 2.2434e-23 4.3193e-23
2.3045e+01 1.4583e-23 2.2097e-23 4.2544e-23
2.3243e+01 1.4366e-23 2.1767e-23 4.1909e-23
2.3442e+01 1.4153e-23 2.1444e-23 4.1287e-23
2.3642e+01 1.3944e-23 2.1128e-23 4.0678e-23
2.3845e+01 1.3739e-23 2.0818e-23 4.0082e-23
2.4049e+01 1.3539e-23 2.0514e-23 3.9497e-23
2.4255e+01 1.3343e-23 2.0217e-23 3.8925e-23
2.4463e+01 1.3150e-23 1.9926e-23 3.8364e-23
2.4672e+01 1.2962e-23 1.9640e-23 3.7814e-23
2.4883e+01 1.2778e-23 1.9361e-23 3.7276e-23
2.5096e+01 1.2597e-23 1.9087e-23 3.6749e-23
2.5311e+01 1.2420e-23 1.8819e-23 3.6233e-23
2.5528e+01 1.2247e-23 1.8556e-23 3.5727e-23
2.5747e+01 1.2077e-23 1.8299e-23 3.5231e-23
2.5967e+01 1.1910e-23 1.8047e-23 3.4746e-23
2.6189e+01 1.1747e-23 1.7800e-23 3.4270e-23
2.6414e+01 1.1588e-23 1.7558e-23 3.3805e-23
2.6640e+01 1.1431e-23 1.7321e-23 3.3348e-23
2.6868e+01 1.1278e-23 1.7089e-23 3.2901e-23
2.7098e+01 1.1128e-23 1.6862e-23 3.2464e-23
2.7330e+01 1.0981e-23 1.6639e-23 3.2035e-23
2.7564e+01 1.0837e-23 1.6421e-23 3.1615e-23
2.7800e+01 1.0696e-23 1.6207e-23 3.1204e-23
2.8038e+01 1.0558e-23 1.5998e-23 3.0801e-23
2.8278e+01 1.0423e-23 1.5793e-23 3.0406e-23
2.8520e+01 1.0290e-23 1.5592e-23 3.0019e-23
2.8764e+01 1.0160e-23 1.5395e-23 2.9641e-23
2.9011e+01 1.0033e-23 1.5203e-23 2.9270e-23
2.9259e+01 9.9089e-24 1.5014e-23 2.8907e-23
2.9509e+01 9.7869e-24 1.4829e-23 2.8551e-23
2.9762e+01 9.6675e-24 1.4648e-23 2.8203e-23
3.0017e+01 9.5505e-24 1.4471e-23 2.7861e-23
3.0274e+01 9.4360e-24 1.4298e-23 2.7527e-23
3.0533e+01 9.3238e-24 1.4128e-23 2.7200e-23
3.0795e+01 9.2140e-24 1.3961e-23 2.6879e-23
3.1058e+01 9.1064e-24 1.3798e-23 2.6566e-23
3.1324e+01 9.0010e-24 1.3639e-23 2.6258e-23
3.1592e+01 8.8979e-24 1.3482e-23 2.5957e-23
3.1863e+01 8.7968e-24 1.3329e-23 2.5662e-23
3.2136e+01 8.6979e-24 1.3179e-23 2.5374e-23
3.2411e+01 8.6010e-24 1.3032e-23 2.5091e-23
3.2688e+01 8.5061e-24 1.2889e-23 2.4814e-23
3.2968e+01 8.4132e-24 1.2748e-23 2.4543e-23
3.3251e+01 8.3223e-24 1.2610e-23 2.4278e-23
3.3535e+01 8.2332e-24 1.2475e-23 2.4018e-23
3.3822e+01 8.1460e-24 1.2343e-23 2.3764e-23
3.4112e+01 8.0606e-24 1.2214e-23 2.3515e-23
3.4404e+01 7.9770e-24 1.2087e-23 2.3271e-23
3.4699e+01 7.8952e-24 1.1963e-23 2.3032e-23
3.4996e+01 7.8150e-24 1.1841e-23 2.2798e-23
3.5295e+01 7.7366e-24 1.1723e-23 2.2569e-23
3.5598e+01 7.6597e-24 1.1606e-23 2.2345e-23
3.5902e+01 7.5845e-24 1.1492e-23 2.2126e-23
3.6210e+01 7.5109e-24 1.1381e-23 2.1911e-23
3.6520e+01 7.4388e-24 1.1271e-23 2.1700e-23
3.6832e+01 7.3682e-24 1.1164e-23 2.1494e-23
3.7148e+01 7.2991e-24 1.1060e-23 2.1293e-23
3.7466e+01 7.2314e-24 1.0957e-23 2.1095e-23
3.7787e+01 7.1652e-24 1.0857e-23 2.0902e-23
3.8110e+01 7.1003e-24 1.0759e-23 2.0713e-23
3.8437e+01 7.0368e-24 1.0662e-23 2.0528e-23
3.8766e+01 6.9746e-24 1.0568e-23 2.0346e-23
3.9098e+01 6.9138e-24 1.0476e-23 2.0169e-23
3.9432e+01 6.8542e-24 1.0386e-23 1.9995e-23
3.9770e+01 6.7958e-24 1.0297e-23 1.9825e-23
4.0110e+01 6.7387e-24 1.0211e-23 1.9658e-23
4.0454e+01 6.6828e-24 1.0126e-23 1.9495e-23
4.0800e+01 6.6280e-24 1.0043e-23 1.9335e-23
4.1150e+01 6.5744e-24 9.9616e-24 1.9179e-23
4.1502e+01 6.5219e-24 9.8821e-24 1.9025e-23
4.1857e+01 6.4705e-24 9.8042e-24 1.8875e-23
4.2216e+01 6.4201e-24 9.7279e-24 1.8729e-23
4.2577e+01 6.3708e-24 9.6532e-24 1.8585e-23
4.2942e+01 6.3225e-24 9.5800e-24 1.8444e-23
4.3309e+01 6.2753e-24 9.5084e-24 1.8306e-23
4.3680e+01 6.2290e-24 9.4382e-24 1.8171e-23
4.4054e+01 6.1836e-24 9.3696e-24 1.8039e-23
4.4431e+01 6.1392e-24 9.3023e-24 1.7909e-23
4.4812e+01 6.0957e-24 9.2364e-24 1.7782e-23
4.5195e+01 6.0531e-24 9.1718e-24 1.7658e-23
4.5582e+01 6.0114e-24 9.1086e-24 1.7536e-23
4.5973e+01 5.9705e-24 9.0467e-24 1.7417e-23
4.6366e+01 5.9305e-24 8.9860e-24 1.7300e-23
4.6763e+01 5.8913e-24 8.9266e-24 1.7186e-23
4.7164e+01 5.8528e-24 8.8684e-24 1.7074e-23
4.7568e+01 5.8152e-24 8.8113e-24 1.6964e-23
4.7975e+01 5.7783e-24 8.7554e-24 1.6856e-23
4.8386e+01 5.7422e-24 8.7007e-24 1.6751e-23
4.8800e+01 5.7068e-24 8.6470e-24 1.6647e-23
4.9218e+01 5.6720e-24 8.5944e-24 1.6546e-23
4.9639e+01 5.6380e-24 8.5429e-24 1.6447e-23
5.0064e+01 5.6047e-24 8.4924e-24 1.6350e-23
5.0493e+01 5.5720e-24 8.4428e-24 1.6254e-23
5.0925e+01 5.5400e-24 8.3943e-24 1.6161e-23
5.1361e+01 5.5086e-24 8.3467e-24 1.6069e-23
5.1801e+01 5.4778e-24 8.3001e-24 1.5979e-23
5.2244e+01 5.4476e-24 8.2544e-24 1.5891e-23
5.2692e+01 5.4180e-24 8.2095e-24 1.5805e-23
5.3143e+01 5.3890e-24 8.1655e-24 1.5720e-23
5.3598e+01 5.3605e-24 8.1224e-24 1.5637e-23
5.4057e+01 5.3326e-24 8.0801e-24 1.5556e-23
5.4520e+01 5.3052e-24 8.0386e-24 1.5476e-23
5.4987e+01 5.2784e-24 7.9979e-24 1.5397e-23
5.5457e+01 5.2520e-24 7.9580e-24 1.5320e-23
5.5932e+01 5.2261e-24 7.9188e-24 1.5245e-23
5.6411e+01 5.2008e-24 7.8803e-24 1.5171e-23
5.6894e+01 5.1759e-24 7.8426e-24 1.5098e-23
5.7381e+01 5.1514e-24 7.8056e-24 1.5027e-23
5.7872e+01 5.1275e-24 7.7693e-24 1.4957e-23
5.8368e+01 5.1039e-24 7.7336e-24 1.4888e-23
5.8868e+01 5.0808e-24 7.6986e-24 1.4821e-23
5.9372e+01 5.0581e-24 7.6642e-24 1.4755e-23
5.9880e+01 5.0358e-24 7.6304e-24 1.4690e-23
6.0393e+01 5.0139e-24 7.5973e-24 1.4626e-23
6.0910e+01 4.9924e-24 7.5647e-24 1.4563e-23
6.1431e+01 4.9713e-24 7.5327e-24 1.4502e-23
6.1957e+01 4.9506e-24 7.5013e-24 1.4441e-23
6.2488e+01 4.9302e-24 7.4704e-24 1.4382e-23
6.3023e+01 4.9102e-24 7.4401e-24 1.4323e-23
6.3563e+01 4.8905e-24 7.4103e-24 1.4266e-23
6.4107e+01 4.8712e-24 7.3810e-24 1.4209e-23
6.4656e+01 4.8522e-24 7.3522e-24 1.4154e-23
6.5209e+01 4.8335e-24 7.3239e-24 1.4099e-23
6.5768e+01 4.8152e-24 7.2961e-24 1.4046e-23
6.6331e+01 4.7971e-24 7.2687e-24 1.3993e-23
6.6899e+01 4.7794e-24 7.2418e-24 1.3941e-23
6.7471e+01 4.7619e-24 7.2154e-24 1.3890e-23
6.8049e+01 4.7447e-24 7.1894e-24 1.3840e-23
6.8632e+01 4.7278e-24 7.1638e-24 1.3791e-23
6.9219e+01 4.7112e-24 7.1386e-24 1.3743e-23
6.9812e+01 4.6949e-24 7.1138e-24 1.3695e-23
7.0410e+01 4.6788e-24 7.0895e-24 1.3648e-23
7.1013e+01 4.6630e-24 7.0655e-24 1.3602e-23
7.1621e+01 4.6474e-24 7.0419e-24 1.3556e-23
7.2234e+01 4.6321e-24 7.0187e-24 1.3511e-23
7.2852e+01 4.6170e-24 6.9958e-24 1.3467e-23
7.3476e+01 4.6021e-24 6.9733e-24 1.3424e-23
7.4105e+01 4.5875e-24 6.9511e-24 1.3381e-23
7.4740e+01 4.5731e-24 6.9293e-24 1.3339e-23
7.5380e+01 4.5589e-24 6.9078e-24 1.3298e-23
7.6025e+01 4.5449e-24 6.8866e-24 1.3257e-23
7.6676e+01 4.5311e-24 6.8657e-24 1.3217e-23
7.7333e+01 4.5176e-24 6.8452e-24 1.3177e-23
7.7995e+01 4.5042e-24 6.8249e-24 1.3138e-23
7.8663e+01 4.4910e-24 6.8050e-24 1.3100e-23
7.9336e+01 4.4780e-24 6.7853e-24 1.3062e-23
8.0015e+01 4.4653e-24 6.7659e-24 1.3025e-23
8.0701e+01 4.4526e-24 6.7468e-24 1.2988e-23
8.1392e+01 4.4402e-24 6.7280e-24 1.2952e-23
8.2088e+01 4.4280e-24 6.7094e-24 1.2916e-23
8.2791e+01 4.4159e-24 6.6911e-24 1.2881e-23
8.3500e+01 4.4040e-24 6.6731e-24 1.2846e-23
8.4215e+01 4.3922e-24 6.6553e-24 1.2812e-23
8.4936e+01 4.3806e-24 6.6377e-24 1.2778e-23
8.5663e+01 4.3692e-24 6.6204e-24 1.2744e-23
8.6397e+01 4.3580e-24 6.6033e-24 1.2711e-23
8.7137e+01 4.3468e-24 6.5865e-24 1.2679e-23
8.7883e+01 4.3359e-24 6.5699e-24 1.2647e-23
8.8635e+01 4.3250e-24 6.5535e-24 1.2615e-23
8.9394e+01 4.3144e-24 6.5373e-24 1.2584e-23
9.0159e+01 4.3038e-24 6.5213e-24 1.2554e-23
9.0931e+01 4.2934e-24 6.5056e-24 1.2523e-23
9.1710e+01 4.2832e-24 6.4900e-24 1.2493e-23
9.2495e+01 4.2730e-24 6.4747e-24 1.2464e-23
9.3287e+01 4.2630e-24 6.4595e-24 1.2434e-23
9.4086e+01 4.2532e-24 6.4446e-24 1.2406e-23
9.4891e+01 4.2434e-24 6.4298e-24 1.2377e-23
9.5704e+01 4.2338e-24 6.4152e-24 1.2349e-23
9.6523e+01 4.2243e-24 6.4009e-24 1.2321e-23
9.7350e+01 4.2149e-24 6.3866e-24 1.2294e-23
9.8183e+01 4.2057e-24 6.3726e-24 1.2267e-23
9.9024e+01 4.1965e-24 6.3588e-24 1.2240e-23
9.9872e+01 4.1875e-24 6.3451e-24 1.2214e-23
1.0073e+02 4.1786e-24 6.3315e-24 1.2188e-23
1.0159e+02 4.1698e-24 6.3182e-24 1.2162e-23
1.0246e+02 4.1610e-24 6.3050e-24 1.2137e-23
1.0334e+02 4.1525e-24 6.2920e-24 1.2112e-23
1.0422e+02 4.1440e-24 6.2791e-24 1.2087e-23
1.0511e+02 4.1356e-24 6.2664e-24 1.2062e-23
1.0601e+02 4.1273e-24 6.2538e-24 1.2038e-23
1.0692e+02 4.1191e-24 6.2414e-24 1.2014e-23
1.0784e+02 4.1110e-24 6.2292e-24 1.1991e-23
1.0876e+02 4.1030e-24 6.2171e-24 1.1967e-23
1.0969e+02 4.0951e-24 6.2051e-24 1.1944e-23
1.1063e+02 4.0873e-24 6.1933e-24 1.1922e-23
1.1158e+02 4.0796e-24 6.1816e-24 1.1899e-23
1.1253e+02 4.0720e-24 6.1701e-24 1.1877e-23
1.1350e+02 4.0645e-24 6.1587e-24 1.1855e-23
1.1447e+02 4.0570e-24 6.1474e-24 1.1833e-23
1.1545e+02 4.0497e-24 6.1363e-24 1.1811e-23
1.1644e+02 4.0424e-24 6.1253e-24 1.1790e-23
1.1743e+02 4.0352e-24 6.1144e-24 1.1769e-23
1.1844e+02 4.0281e-24 6.1036e-24 1.1748e-23
1.1945e+02 4.0211e-24 6.0930e-24 1.1727e-23
1.2048e+02 4.0142e-24 6.0825e-24 1.1707e-23
1.2151e+02 4.0074e-24 6.0722e-24 1.1687e-23
1.2255e+02 4.0006e-24 6.0619e-24 1.1667e-23
1.2360e+02 3.9939e-24 6.0518e-24 1.1647e-23
1.2466e+02 3.9873e-24 6.0418e-24 1.1628e-23
1.2572e+02 3.9808e-24 6.0319e-24 1.1609e-23
1.2680e+02 3.9743e-24 6.0221e-24 1.1590e-23
1.2789e+02 3.9680e-24 6.0125e-24 1.1571e-23
1.2898e+02 3.9617e-24 6.0030e-24 1.1552e-23
1.3008e+02 3.9555e-24 5.9935e-24 1.1534e-23
1.3120e+02 3.9493e-24 5.9842e-24 1.1516e-23
1.3232e+02 3.9433e-24 5.9750e-24 1.1498e-23
1.3345e+02 3.9373e-24 5.9660e-24 1.1480e-23
1.3460e+02 3.9313e-24 5.9570e-24 1.1463e-23
1.3575e+02 3.9255e-24 5.9481e-24 1.1445e-23
1.3691e+02 3.9197e-24 5.9394e-24 1.1428e-23
1.3808e+02 3.9140e-24 5.9307e-24 1.1412e-23
1.3927e+02 3.9084e-24 5.9222e-24 1.1395e-23
1.4046e+02 3.9028e-24 5.9138e-24 1.1378e-23
1.4166e+02 3.8973e-24 5.9054e-24 1.1362e-23
1.4287e+02 3.8919e-24 5.8972e-24 1.1346e-23
1.4410e+02 3.8865e-24 5.8891e-24 1.1330e-23
1.4533e+02 3.8812e-24 5.8811e-24 1.1315e-23
1.4658e+02 3.8760e-24 5.8732e-24 1.1299e-23
1.4783e+02 3.8709e-24 5.8654e-24 1.1284e-23
1.4910e+02 3.8658e-24 5.8577e-24 1.1269e-23
1.5037e+02 3.8607e-24 5.8501e-24 1.1254e-23
1.5166e+02 3.8558e-24 5.8426e-24 1.1239e-23
1.5296e+02 3.8509e-24 5.8351e-24 1.1225e-23
1.5427e+02 3.8461e-24 5.8278e-24 1.1211e-23
1.5559e+02 3.8413e-24 5.8206e-24 1.1196e-23
1.5692e+02 3.8366e-24 5.8135e-24 1.1183e-23
1.5827e+02 3.8320e-24 5.8065e-24 1.1169e-23
1.5962e+02 3.8274e-24 5.7996e-24 1.1155e-23
1.6099e+02 3.8229e-24 5.7928e-24 1.1142e-23
1.6237e+02 3.8185e-24 5.7861e-24 1.1129e-23
1.6376e+02 3.8141e-24 5.7795e-24 1.1116e-23
1.6516e+02 3.8098e-24 5.7729e-24 1.1103e-23
1.6657e+02 3.8056e-24 5.7665e-24 1.1090e-23
1.6800e+02 3.8014e-24 5.7602e-24 1.1078e-23
1.6944e+02 3.7973e-24 5.7540e-24 1.1066e-23
1.7089e+02 3.7933e-24 5.7478e-24 1.1054e-23
1.7235e+02 3.7893e-24 5.7418e-24 1.1042e-23
1.7383e+02 3.7854e-24 5.7359e-24 1.1030e-23
1.7532e+02 3.7815e-24 5.7300e-24 1.1018e-23
1.7682e+02 3.7777e-24 5.7243e-24 1.1007e-23
1.7833e+02 3.7740e-24 5.7186e-24 1.0996e-23
1.7986e+02 3.7703e-24 5.7130e-24 1.0985e-23
1.8140e+02 3.7667e-24 5.7076e-24 1.0974e-23
1.8295e+02 3.7631e-24 5.7022e-24 1.0964e-23
1.8452e+02 3.7597e-24 5.6969e-24 1.0953e-23
1.8610e+02 3.7562e-24 5.6918e-24 1.0943e-23
1.8769e+02 3.7529e-24 5.6867e-24 1.0933e-23
1.8930e+02 3.7496e-24 5.6817e-24 1.0923e-23
1.9092e+02 3.7464e-24 5.6768e-24 1.0913e-23
1.9255e+02 3.7432e-24 5.6720e-24 1.0904e-23
1.9420e+02 3.7401e-24 5.6673e-24 1.0895e-23
1.9586e+02 3.7371e-24 5.6627e-24 1.0885e-23
1.9754e+02 3.7341e-24 5.6582e-24 1.0876e-23
1.9923e+02 3.7312e-24 5.6538e-24 1.0868e-23
2.0094e+02 3.7283e-24 5.6495e-24 1.0859e-23
2.0266e+02 3.7256e-24 5.6453e-24 1.0851e-23
2.0439e+02 3.7228e-24 5.6412e-24 1.0843e-23
2.0614e+02 3.7202e-24 5.6371e-24 1.0835e-23
2.0791e+02 3.7176e-24 5.6332e-24 1.0827e-23
2.0969e+02 3.7151e-24 5.6294e-24 1.0820e-23
2.1148e+02 3.7126e-24 5.6257e-24 1.0813e-23
2.1330e+02 3.7102e-24 5.6221e-24 1.0806e-23
2.1512e+02 3.7079e-24 5.6185e-24 1.0799e-23
2.1696e+02 3.7056e-24 5.6151e-24 1.0793e-23
2.1882e+02 3.7034e-24 5.6118e-24 1.0786e-23
2.2069e+02 3.7013e-24 5.6086e-24 1.0780e-23
2.2258e+02 3.6992e-24 5.6054e-24 1.0774e-23
2.2449e+02 3.6972e-24 5.6024e-24 1.0769e-23
2.2641e+02 3.6953e-24 5.5995e-24 1.0763e-23
2.2835e+02 3.6934e-24 5.5967e-24 1.0758e-23
2.3031e+02 3.6917e-24 5.5940e-24 1.0752e-23
2.3228e+02 3.6899e-24 5.5913e-24 1.0747e-23
2.3427e+02 3.6883e-24 5.5888e-24 1.0743e-23
2.3627e+02 3.6867e-24 5.5864e-24 1.0738e-23
2.3830e+02 3.6852e-24 5.5841e-24 1.0734e-23
2.4034e+02 3.6837e-24 5.5819e-24 1.0730e-23
2.4239e+02 3.6823e-24 5.5799e-24 1.0726e-23
2.4447e+02 3.6810e-24 5.5779e-24 1.0722e-23
2.4656e+02 3.6798e-24 5.5760e-24 1.0718e-23
2.4867e+02 3.6786e-24 5.5742e-24 1.0715e-23
2.5080e+02 3.6775e-24 5.5726e-24 1.0712e-23
2.5295e+02 3.6765e-24 5.5710e-24 1.0709e-23
2.5512e+02 3.6756e-24 5.5696e-24 1.0706e-23
2.5730e+02 3.6747e-24 5.5683e-24 1.0704e-23
2.5950e+02 3.6739e-24 5.5671e-24 1.0701e-23
2.6173e+02 3.6731e-24 5.5660e-24 1.0699e-23
2.6397e+02 3.6725e-24 5.5650e-24 1.0697e-23
2.6623e+02 3.6719e-24 5.5641e-24 1.0696e-23
2.6851e+02 3.6714e-24 5.5634e-24 1.0694e-23
2.7080e+02 3.6710e-24 5.5627e-24 1.0693e-23
2.7312e+02 3.6706e-24 5.5622e-24 1.0692e-23
2.7546e+02 3.6704e-24 5.5618e-24 1.0692e-23
2.7782e+02 3.6702e-24 5.5615e-24 1.0691e-23
2.8020e+02 3.6701e-24 5.5613e-24 1.0691e-23
2.8260e+02 3.6700e-24 5.5613e-24 1.0691e-23
2.8502e+02 3.6701e-24 5.5614e-24 1.0691e-23
2.8746e+02 3.6702e-24 5.5616e-24 1.0691e-23
2.8992e+02 3.6704e-24 5.5619e-24 1.0692e-23
2.9240e+02 3.6707e-24 5.5624e-24 1.0693e-23
2.9491e+02 3.6711e-24 5.5629e-24 1.0694e-23
2.9743e+02 3.6716e-24 5.5636e-24 1.0696e-23
2.9998e+02 3.6721e-24 5.5645e-24 1.0697e-23
3.0255e+02 3.6727e-24 5.5654e-24 1.0699e-23
3.0514e+02 3.6735e-24 5.5665e-24 1.0701e-23
3.0775e+02 3.6743e-24 5.5677e-24 1.0704e-23
3.1038e+02 3.6751e-24 5.5691e-24 1.0706e-23
3.1304e+02 3.6761e-24 5.5706e-24 1.0709e-23
3.1572e+02 3.6772e-24 5.5722e-24 1.0712e-23
3.1842e+02 3.6783e-24 5.5740e-24 1.0716e-23
3.2115e+02 3.6796e-24 5.5759e-24 1.0720e-23
3.2390e+02 3.6809e-24 5.5779e-24 1.0724e-23
3.2667e+02 3.6824e-24 5.5801e-24 1.0728e-23
3.2947e+02 3.6839e-24 5.5824e-24 1.0732e-23
3.3229e+02 3.6855e-24 5.5848e-24 1.0737e-23
3.3514e+02 3.6872e-24 5.5875e-24 1.0742e-23
3.3801e+02 3.6891e-24 5.5902e-24 1.0748e-23
3.4090e+02 3.6910e-24 5.5931e-24 1.0753e-23
3.4382e+02 3.6930e-24 5.5962e-24 1.0759e-23
3.4676e+02 3.6951e-24 5.5994e-24 1.0765e-23
3.4973e+02 3.6973e-24 5.6027e-24 1.0772e-23
3.5273e+02 3.6996e-24 5.6062e-24 1.0779e-23
3.5575e+02 3.7020e-24 5.6099e-24 1.0786e-23
3.5879e+02 3.7045e-24 5.6137e-24 1.0793e-23
3.6187e+02 3.7071e-24 5.6177e-24 1.0801e-23
3.6496e+02 3.7099e-24 5.6218e-24 1.0809e-23
3.6809e+02 3.7127e-24 5.6261e-24 1.0817e-23
3.7124e+02 3.7156e-24 5.6306e-24 1.0826e-23
3.7442e+02 3.7187e-24 5.6352e-24 1.0835e-23
3.7762e+02 3.7218e-24 5.6400e-24 1.0844e-23
3.8086e+02 3.7251e-24 5.6449e-24 1.0854e-23
3.8412e+02 3.7285e-24 5.6501e-24 1.0864e-23
3.8741e+02 3.7320e-24 5.6554e-24 1.0874e-23
3.9072e+02 3.7356e-24 5.6608e-24 1.0884e-23
3.9407e+02 3.7393e-24 5.6665e-24 1.0895e-23
3.9744e+02 3.7432e-24 5.6723e-24 1.0907e-23
4.0085e+02 3.7471e-24 5.6783e-24 1.0918e-23
4.0428e+02 3.7512e-24 5.6845e-24 1.0930e-23
4.0774e+02 3.7554e-24 5.6909e-24 1.0943e-23
4.1123e+02 3.7597e-24 5.6974e-24 1.0955e-23
4.1475e+02 3.7642e-24 5.7042e-24 1.0968e-23
4.1830e+02 3.7687e-24 5.7111e-24 1.0982e-23
4.2189e+02 3.7734e-24 5.7183e-24 1.0996e-23
4.2550e+02 3.7783e-24 5.7256e-24 1.1010e-23
4.2914e+02 3.7832e-24 5.7331e-24 1.1024e-23
4.3282e+02 3.7883e-24 5.7408e-24 1.1039e-23
4.3652e+02 3.7935e-24 5.7487e-24 1.1054e-23
4.4026e+02 3.7989e-24 5.7568e-24 1.1070e-23
4.4403e+02 3.8044e-24 5.7651e-24 1.1086e-23
4.4783e+02 3.8100e-24 5.7737e-24 1.1103e-23
4.5166e+02 3.8157e-24 5.7824e-24 1.1120e-23
4.5553e+02 3.8216e-24 5.7913e-24 1.1137e-23
4.5943e+02 3.8277e-24 5.8005e-24 1.1155e-23
4.6337e+02 3.8339e-24 5.8099e-24 1.1173e-23
4.6733e+02 3.8402e-24 5.8195e-24 1.1191e-23
4.7133e+02 3.8467e-24 5.8294e-24 1.1210e-23
4.7537e+02 3.8534e-24 5.8395e-24 1.1230e-23
4.7944e+02 3.8602e-24 5.8499e-24 1.1250e-23
4.8355e+02 3.8674e-24 5.8607e-24 1.1271e-23
4.8769e+02 3.8751e-24 5.8724e-24 1.1293e-23
4.9186e+02 3.8854e-24 5.8880e-24 1.1324e-23
4.9607e+02 4.8790e-24 7.3937e-24 1.4219e-23
5.0032e+02 3.9018e-24 5.9130e-24 1.1372e-23
5.0460e+02 3.9049e-24 5.9176e-24 1.1381e-23
5.0892e+02 3.9120e-24 5.9284e-24 1.1401e-23
5.1328e+02 3.9197e-24 5.9401e-24 1.1424e-23
5.1768e+02 3.9278e-24 5.9523e-24 1.1448e-23
5.2211e+02 3.9361e-24 5.9649e-24 1.1472e-23
5.2658e+02 3.9445e-24 5.9777e-24 1.1497e-23
5.3109e+02 3.9532e-24 5.9908e-24 1.1522e-23
5.3564e+02 3.9620e-24 6.0042e-24 1.1548e-23
5.4022e+02 3.9710e-24 6.0178e-24 1.1574e-23
5.4485e+02 3.9801e-24 6.0317e-24 1.1601e-23
5.4951e+02 3.9895e-24 6.0459e-24 1.1628e-23
5.5422e+02 3.9990e-24 6.0603e-24 1.1656e-23
5.5896e+02 4.0087e-24 6.0750e-24 1.1685e-23
5.6375e+02 4.0186e-24 6.0900e-24 1.1714e-23
5.6858e+02 4.0286e-24 6.1053e-24 1.1743e-23
5.7344e+02 4.0389e-24 6.1208e-24 1.1773e-23
5.7835e+02 4.0493e-24 6.1366e-24 1.1804e-23
5.8331e+02 4.0599e-24 6.1527e-24 1.1835e-23
5.8830e+02 4.0707e-24 6.1691e-24 1.1866e-23
5.9334e+02 4.0817e-24 6.1858e-24 1.1899e-23
5.9842e+02 4.0929e-24 6.2028e-24 1.1931e-23
6.0354e+02 4.1043e-24 6.2201e-24 1.1965e-23
6.0871e+02 4.1159e-24 6.2376e-24 1.1999e-23
6.1392e+02 4.1277e-24 6.2555e-24 1.2033e-23
6.1918e+02 4.1397e-24 6.2737e-24 1.2068e-23
6.2448e+02 4.1519e-24 6.2922e-24 1.2104e-23
6.2983e+02 4.1643e-24 6.3110e-24 1.2140e-23
6.3522e+02 4.1769e-24 6.3302e-24 1.2177e-23
6.4066e+02 4.1897e-24 6.3496e-24 1.2215e-23
6.4614e+02 4.2028e-24 6.3694e-24 1.2253e-23
6.5168e+02 4.2160e-24 6.3895e-24 1.2291e-23
6.5726e+02 4.2295e-24 6.4099e-24 1.2331e-23
6.6288e+02 4.2432e-24 6.4306e-24 1.2370e-23
6.6856e+02 4.2571e-24 6.4517e-24 1.2411e-23
6.7428e+02 4.2712e-24 6.4731e-24 1.2452e-23
6.8006e+02 4.2855e-24 6.4949e-24 1.2494e-23
6.8588e+02 4.3001e-24 6.5170e-24 1.2536e-23
6.9175e+02 4.3149e-24 6.5395e-24 1.2579e-23
6.9767e+02 4.3300e-24 6.5623e-24 1.2623e-23
7.0365e+02 4.3452e-24 6.5854e-24 1.2668e-23
7.0967e+02 4.3608e-24 6.6090e-24 1.2713e-23
7.1575e+02 4.3765e-24 6.6328e-24 1.2759e-23
7.2188e+02 4.3925e-24 6.6571e-24 1.2805e-23
7.2806e+02 4.4087e-24 6.6817e-24 1.2853e-23
7.3429e+02 4.4252e-24 6.7067e-24 1.2901e-23
7.4058e+02 4.4419e-24 6.7321e-24 1.2949e-23
7.4692e+02 4.4589e-24 6.7578e-24 1.2999e-23
7.5332e+02 4.4761e-24 6.7839e-24 1.3049e-23
7.5977e+02 4.4936e-24 6.8104e-24 1.3100e-23
7.6627e+02 4.5113e-24 6.8373e-24 1.3151e-23
7.7283e+02 4.5293e-24 6.8646e-24 1.3204e-23
7.7945e+02 4.5476e-24 6.8923e-24 1.3257e-23
7.8612e+02 4.5661e-24 6.9204e-24 1.3311e-23
7.9285e+02 4.5849e-24 6.9489e-24 1.3366e-23
7.9964e+02 4.6040e-24 6.9778e-24 1.3421e-23
8.0649e+02 4.6233e-24 7.0071e-24 1.3478e-23
8.1339e+02 4.6429e-24 7.0368e-24 1.3535e-23
8.2036e+02 4.6628e-24 7.0670e-24 1.3593e-23
8.2738e+02 4.6829e-24 7.0976e-24 1.3651e-23
8.3447e+02 4.7033e-24 7.1285e-24 1.3711e-23
8.4161e+02 4.7241e-24 7.1598e-24 1.3771e-23
8.4882e+02 4.7451e-24 7.1916e-24 1.3832e-23
8.5608e+02 4.7664e-24 7.2238e-24 1.3894e-23
8.6341e+02 4.7880e-24 7.2565e-24 1.3957e-23
8.7081e+02 4.8098e-24 7.2895e-24 1.4021e-23
8.7826e+02 4.8320e-24 7.3231e-24 1.4085e-23
8.8578e+02 4.8545e-24 7.3571e-24 1.4151e-23
8.9337e+02 4.8773e-24 7.3915e-24 1.4217e-23
9.0102e+02 4.9003e-24 7.4264e-24 1.4285e-23
9.0873e+02 4.9237e-24 7.4618e-24 1.4353e-23
9.1651e+02 4.9474e-24 7.4976e-24 1.4422e-23
9.2436e+02 4.9714e-24 7.5339e-24 1.4492e-23
9.3227e+02 4.9958e-24 7.5707e-24 1.4562e-23
9.4026e+02 5.0204e-24 7.6080e-24 1.4634e-23
9.4831e+02 5.0454e-24 7.6457e-24 1.4707e-23
9.5643e+02 5.0707e-24 7.6840e-24 1.4781e-23
9.6462e+02 5.0963e-24 7.7227e-24 1.4856e-23
9.7287e+02 5.1222e-24 7.7619e-24 1.4933e-23
9.8120e+02 5.1485e-24 7.8017e-24 1.5011e-23
9.8961e+02 5.1760e-24 7.8432e-24 1.5093e-23
9.9808e+02 5.2023e-24 7.8831e-24 1.5171e-23
1.0066e+03 5.2293e-24 7.9239e-24 1.5251e-23
1.0152e+03 5.2569e-24 7.9656e-24 1.5333e-23
1.0239e+03 5.2849e-24 8.0079e-24 1.5416e-23
1.0327e+03 5.3132e-24 8.0507e-24 1.5500e-23
1.0415e+03 5.3419e-24 8.0940e-24 1.5585e-23
1.0505e+03 5.3709e-24 8.1379e-24 1.5671e-23
1.0595e+03 5.4003e-24 8.1823e-24 1.5758e-23
1.0685e+03 5.4300e-24 8.2273e-24 1.5847e-23
1.0777e+03 5.4601e-24 8.2728e-24 1.5936e-23
1.0869e+03 5.4906e-24 8.3189e-24 1.6025e-23
1.0962e+03 5.5214e-24 8.3655e-24 1.6115e-23
1.1056e+03 5.5526e-24 8.4127e-24 1.6206e-23
1.1151e+03 5.5842e-24 8.4604e-24 1.6297e-23
1.1246e+03 5.6162e-24 8.5087e-24 1.6390e-23
1.1342e+03 5.6485e-24 8.5576e-24 1.6484e-23
1.1440e+03 5.6812e-24 8.6071e-24 1.6580e-23
1.1537e+03 5.7143e-24 8.6572e-24 1.6676e-23
1.1636e+03 5.7478e-24 8.7078e-24 1.6773e-23
1.1736e+03 5.7817e-24 8.7590e-24 1.6872e-23
1.1836e+03 5.8160e-24 8.8109e-24 1.6975e-23
1.1938e+03 5.8507e-24 8.8633e-24 1.7079e-23
1.2040e+03 5.8858e-24 8.9164e-24 1.7184e-23
1.2143e+03 5.9213e-24 8.9700e-24 1.7291e-23
1.2247e+03 5.9572e-24 9.0243e-24 1.7399e-23
1.2352e+03 5.9936e-24 9.0792e-24 1.7508e-23
1.2458e+03 6.0303e-24 9.1348e-24 1.7618e-23
1.2564e+03 6.0675e-24 9.1909e-24 1.7729e-23
1.2672e+03 6.1051e-24 9.2478e-24 1.7842e-23
1.2780e+03 6.1431e-24 9.3052e-24 1.7956e-23
1.2890e+03 6.1815e-24 9.3633e-24 1.8069e-23
1.3000e+03 6.2204e-24 9.4221e-24 1.8182e-23
1.3111e+03 6.2597e-24 9.4815e-24 1.8297e-23
1.3224e+03 6.2995e-24 9.5416e-24 1.8414e-23
1.3337e+03 6.3397e-24 9.6023e-24 1.8532e-23
1.3451e+03 6.3803e-24 9.6638e-24 1.8651e-23
1.3566e+03 6.4214e-24 9.7259e-24 1.8771e-23
1.3682e+03 6.4630e-24 9.7887e-24 1.8893e-23
1.3800e+03 6.5050e-24 9.8521e-24 1.9016e-23
1.3918e+03 6.5475e-24 9.9163e-24 1.9140e-23
1.4037e+03 6.5904e-24 9.9812e-24 1.9266e-23
1.4157e+03 6.6338e-24 1.0047e-23 1.9393e-23
1.4278e+03 6.6777e-24 1.0113e-23 1.9521e-23
1.4401e+03 6.7220e-24 1.0180e-23 1.9651e-23
1.4524e+03 6.7669e-24 1.0248e-23 1.9783e-23
1.4648e+03 6.8122e-24 1.0317e-23 1.9915e-23
1.4774e+03 6.8580e-24 1.0386e-23 2.0050e-23
1.4900e+03 6.9071e-24 1.0460e-23 2.0193e-23
1.5028e+03 6.9512e-24 1.0527e-23 2.0322e-23
1.5156e+03 6.9985e-24 1.0599e-23 2.0461e-23
1.5286e+03 7.0463e-24 1.0671e-23 2.0601e-23
1.5417e+03 7.0946e-24 1.0744e-23 2.0742e-23
1.5549e+03 7.1434e-24 1.0818e-23 2.0885e-23
1.5682e+03 7.1928e-24 1.0893e-23 2.1030e-23
1.5816e+03 7.2426e-24 1.0968e-23 2.1175e-23
1.5952e+03 7.2930e-24 1.1045e-23 2.1322e-23
1.6088e+03 7.3440e-24 1.1122e-23 2.1471e-23
1.6226e+03 7.3954e-24 1.1200e-23 2.1621e-23
1.6365e+03 7.4474e-24 1.1278e-23 2.1773e-23
1.6505e+03 7.5000e-24 1.1358e-23 2.1926e-23
1.6647e+03 7.5531e-24 1.1438e-23 2.2081e-23
1.6789e+03 7.6067e-24 1.1520e-23 2.2237e-23
1.6933e+03 7.6609e-24 1.1602e-23 2.2395e-23
1.7078e+03 7.7157e-24 1.1685e-23 2.2555e-23
1.7224e+03 7.7710e-24 1.1768e-23 2.2716e-23
1.7372e+03 7.8269e-24 1.1853e-23 2.2879e-23
1.7520e+03 7.8834e-24 1.1939e-23 2.3044e-23
1.7670e+03 7.9404e-24 1.2025e-23 2.3210e-23
1.7822e+03 7.9981e-24 1.2112e-23 2.3378e-23
1.7974e+03 8.0563e-24 1.2200e-23 2.3548e-23
1.8128e+03 8.1151e-24 1.2289e-23 2.3720e-23
1.8283e+03 8.1746e-24 1.2379e-23 2.3893e-23
1.8440e+03 8.2346e-24 1.2470e-23 2.4068e-23
1.8598e+03 8.2952e-24 1.2562e-23 2.4245e-23
1.8757e+03 8.3565e-24 1.2655e-23 2.4423e-23
1.8918e+03 8.4183e-24 1.2749e-23 2.4604e-23
1.9080e+03 8.4808e-24 1.2843e-23 2.4786e-23
1.9243e+03 8.5440e-24 1.2939e-23 2.4970e-23
1.9408e+03 8.6077e-24 1.3035e-23 2.5156e-23
1.9574e+03 8.6721e-24 1.3133e-23 2.5343e-23
1.9741e+03 8.7372e-24 1.3231e-23 2.5533e-23
1.9910e+03 8.8029e-24 1.3331e-23 2.5726e-23
2.0081e+03 8.8692e-24 1.3431e-23 2.5920e-23
2.0253e+03 8.9362e-24 1.3533e-23 2.6116e-23
2.0426e+03 9.0039e-24 1.3635e-23 2.6314e-23
2.0601e+03 9.0723e-24 1.3739e-23 2.6514e-23
2.0778e+03 9.1413e-24 1.3843e-23 2.6715e-23
2.0955e+03 9.2111e-24 1.3949e-23 2.6919e-23
2.1135e+03 9.2815e-24 1.4056e-23 2.7125e-23
2.1316e+03 9.3526e-24 1.4163e-23 2.7333e-23
2.1498e+03 9.4244e-24 1.4272e-23 2.7543e-23
2.1682e+03 9.4969e-24 1.4382e-23 2.7755e-23
2.1868e+03 9.5702e-24 1.4493e-23 2.7968e-23
2.2055e+03 9.6442e-24 1.4605e-23 2.8183e-23
2.2244e+03 9.7189e-24 1.4718e-23 2.8400e-23
2.2435e+03 9.7943e-24 1.4832e-23 2.8619e-23
2.2627e+03 9.8705e-24 1.4947e-23 2.8840e-23
2.2820e+03 9.9474e-24 1.5064e-23 2.9063e-23
2.3016e+03 1.0025e-23 1.5181e-23 2.9289e-23
2.3213e+03 1.0103e-23 1.5300e-23 2.9517e-23
2.3412e+03 1.0183e-23 1.5420e-23 2.9747e-23
2.3612e+03 1.0263e-23 1.5541e-23 2.9979e-23
2.3814e+03 1.0343e-23 1.5663e-23 3.0213e-23
2.4018e+03 1.0425e-23 1.5786e-23 3.0450e-23
2.4224e+03 1.0507e-23 1.5910e-23 3.0689e-23
2.4431e+03 1.0590e-23 1.6036e-23 3.0930e-23
2.4640e+03 1.0674e-23 1.6162e-23 3.1174e-23
2.4851e+03 1.0760e-23 1.6292e-23 3.1423e-23
2.5064e+03 1.0845e-23 1.6419e-23 3.1668e-23
2.5279e+03 1.0931e-23 1.6549e-23 3.1919e-23
2.5495e+03 1.1019e-23 1.6680e-23 3.2172e-23
2.5714e+03 1.1107e-23 1.6813e-23 3.2427e-23
2.5934e+03 1.1196e-23 1.6947e-23 3.2685e-23
2.6156e+03 1.1285e-23 1.7082e-23 3.2946e-23
2.6380e+03 1.1376e-23 1.7219e-23 3.3209e-23
2.6606e+03 1.1468e-23 1.7357e-23 3.3474e-23
2.6833e+03 1.1560e-23 1.7496e-23 3.3742e-23
2.7063e+03 1.1654e-23 1.7637e-23 3.4013e-23
2.7295e+03 1.1748e-23 1.7779e-23 3.4283e-23
2.7529e+03 1.1843e-23 1.7922e-23 3.4547e-23
2.7764e+03 1.1939e-23 1.8067e-23 3.4814e-23
2.8002e+03 1.2036e-23 1.8213e-23 3.5083e-23
2.8242e+03 1.2134e-23 1.8360e-23 3.5361e-23
2.8484e+03 1.2233e-23 1.8509e-23 3.5646e-23
2.8727e+03 1.2333e-23 1.8659e-23 3.5933e-23
2.8973e+03 1.2434e-23 1.8811e-23 3.6224e-23
2.9221e+03 1.2536e-23 1.8964e-23 3.6517e-23
2.9472e+03 1.2638e-23 1.9119e-23 3.6813e-23
2.9724e+03 1.2742e-23 1.9275e-23 3.7112e-23
2.9978e+03 1.2847e-23 1.9433e-23 3.7413e-23
3.0235e+03 1.2953e-23 1.9592e-23 3.7717e-23
3.0494e+03 1.3060e-23 1.9752e-23 3.8025e-23
3.0755e+03 1.3167e-23 1.9915e-23 3.8335e-23
3.1018e+03 1.3276e-23 2.0079e-23 3.8648e-23
3.1284e+03 1.3386e-23 2.0246e-23 3.8964e-23
3.1552e+03 1.3497e-23 2.0418e-23 3.9283e-23
3.1822e+03 1.3609e-23 2.0592e-23 3.9605e-23
3.2095e+03 1.3723e-23 2.0767e-23 3.9930e-23
3.2369e+03 1.3837e-23 2.0944e-23 4.0259e-23
3.2646e+03 1.3952e-23 2.1123e-23 4.0590e-23
3.2926e+03 1.4069e-23 2.1304e-23 4.0924e-23
3.3208e+03 1.4186e-23 2.1482e-23 4.1262e-23
3.3492e+03 1.4305e-23 2.1661e-23 4.1603e-23
3.3779e+03 1.4425e-23 2.1842e-23 4.1947e-23
3.4068e+03 1.4546e-23 2.2024e-23 4.2295e-23
3.4360e+03 1.4668e-23 2.2209e-23 4.2645e-23
3.4654e+03 1.4791e-23 2.2395e-23 4.2999e-23
3.4951e+03 1.4916e-23 2.2583e-23 4.3357e-23
3.5250e+03 1.5042e-23 2.2772e-23 4.3721e-23
3.5552e+03 1.5168e-23 2.2964e-23 4.4089e-23
3.5856e+03 1.5297e-23 2.3157e-23 4.4461e-23
3.6163e+03 1.5426e-23 2.3352e-23 4.4837e-23
3.6473e+03 1.5557e-23 2.3549e-23 4.5216e-23
3.6785e+03 1.5689e-23 2.3748e-23 4.5599e-23
3.7100e+03 1.5822e-23 2.3949e-23 4.5986e-23
3.7418e+03 1.5957e-23 2.4152e-23 4.6377e-23
3.7738e+03 1.6092e-23 2.4357e-23 4.6771e-23
3.8061e+03 1.6230e-23 2.4564e-23 4.7169e-23
3.8387e+03 1.6368e-23 2.4774e-23 4.7571e-23
3.8716e+03 1.6508e-23 2.4985e-23 4.7977e-23
3.9047e+03 1.6649e-23 2.5198e-23 4.8387e-23
3.9382e+03 1.6792e-23 2.5414e-23 4.8801e-23
3.9719e+03 1.6936e-23 2.5632e-23 4.9220e-23
4.0059e+03 1.7082e-23 2.5851e-23 4.9642e-23
4.0402e+03 1.7229e-23 2.6073e-23 5.0068e-23
4.0748e+03 1.7377e-23 2.6297e-23 5.0499e-23
4.1097e+03 1.7527e-23 2.6523e-23 5.0933e-23
4.1449e+03 1.7678e-23 2.6751e-23 5.1375e-23
4.1804e+03 1.7831e-23 2.6982e-23 5.1829e-23
4.2162e+03 1.7985e-23 2.7215e-23 5.2289e-23
4.2523e+03 1.8141e-23 2.7450e-23 5.2754e-23
4.2887e+03 1.8298e-23 2.7688e-23 5.3224e-23
4.3254e+03 1.8457e-23 2.7929e-23 5.3699e-23
4.3624e+03 1.8618e-23 2.8174e-23 5.4180e-23
4.3998e+03 1.8780e-23 2.8422e-23 5.4665e-23
4.4374e+03 1.8944e-23 2.8673e-23 5.5155e-23
4.4754e+03 1.9109e-23 2.8926e-23 5.5650e-23
4.5138e+03 1.9276e-23 2.9181e-23 5.6151e-23
4.5524e+03 1.9445e-23 2.9439e-23 5.6657e-23
4.5914e+03 1.9615e-23 2.9700e-23 5.7182e-23
4.6307e+03 1.9787e-23 2.9964e-23 5.7727e-23
4.6703e+03 1.9961e-23 3.0230e-23 5.8268e-23
4.7103e+03 2.0137e-23 3.0499e-23 5.8789e-23
4.7507e+03 2.0314e-23 3.0771e-23 5.9316e-23
4.7913e+03 2.0493e-23 3.1045e-23 5.9849e-23
4.8324e+03 2.0674e-23 3.1323e-23 6.0382e-23
4.8737e+03 2.0857e-23 3.1603e-23 6.0895e-23
4.9155e+03 2.1042e-23 3.1881e-23 6.1412e-23
4.9576e+03 2.1229e-23 3.2161e-23 6.1934e-23
5.0000e+03 2.1417e-23 3.2445e-23 6.2482e-23
