# f [Hz]   Optimal    10%        Median
1.0000e+00 1.3594e-16 2.0598e-16 3.9660e-16
1.0086e+00 1.3078e-16 1.9817e-16 3.8155e-16
1.0172e+00 1.2594e-16 1.9083e-16 3.6743e-16
1.0259e+00 1.2144e-16 1.8401e-16 3.5429e-16
1.0347e+00 1.1726e-16 1.7768e-16 3.4210e-16
1.0436e+00 1.1335e-16 1.7175e-16 3.3070e-16
1.0525e+00 1.0977e-16 1.6632e-16 3.2024e-16
1.0615e+00 1.0642e-16 1.6125e-16 3.1047e-16
1.0706e+00 1.0335e-16 1.5660e-16 3.0151e-16
1.0798e+00 1.0052e-16 1.5232e-16 2.9327e-16
1.0890e+00 9.7964e-17 1.4844e-16 2.8580e-16
1.0983e+00 9.5661e-17 1.4495e-16 2.7908e-16
1.1077e+00 9.3661e-17 1.4192e-16 2.7325e-16
1.1172e+00 9.2012e-17 1.3942e-16 2.6843e-16
1.1268e+00 9.0947e-17 1.3780e-16 2.6533e-16
1.1364e+00 9.1186e-17 1.3817e-16 2.6602e-16
1.1462e+00 9.6707e-17 1.4653e-16 2.8213e-16
1.1560e+00 2.3262e-16 3.5246e-16 6.7864e-16
1.1659e+00 1.2825e-16 1.9432e-16 3.7415e-16
1.1758e+00 8.9891e-17 1.3620e-16 2.6225e-16
1.1859e+00 8.4879e-17 1.2861e-16 2.4762e-16
1.1961e+00 8.3309e-17 1.2623e-16 2.4304e-16
1.2063e+00 8.2759e-17 1.2540e-16 2.4144e-16
1.2166e+00 8.2782e-17 1.2543e-16 2.4151e-16
1.2271e+00 8.3254e-17 1.2615e-16 2.4288e-16
1.2376e+00 8.4176e-17 1.2754e-16 2.4557e-16
1.2482e+00 8.5568e-17 1.2965e-16 2.4964e-16
1.2588e+00 8.7538e-17 1.3264e-16 2.5538e-16
1.2696e+00 9.0182e-17 1.3664e-16 2.6309e-16
1.2805e+00 9.3700e-17 1.4197e-16 2.7336e-16
1.2915e+00 9.8302e-17 1.4895e-16 2.8679e-16
1.3025e+00 1.0433e-16 1.5808e-16 3.0437e-16
1.3137e+00 1.1250e-16 1.7046e-16 3.2820e-16
1.3249e+00 1.2363e-16 1.8733e-16 3.6067e-16
1.3363e+00 1.3940e-16 2.1122e-16 4.0668e-16
1.3477e+00 1.6318e-16 2.4725e-16 4.7606e-16
1.3592e+00 2.0184e-16 3.0584e-16 5.8886e-16
1.3709e+00 2.7628e-16 4.1862e-16 8.0600e-16
1.3826e+00 4.7399e-16 7.1820e-16 1.3828e-15
1.3945e+00 8.9898e-15 1.3621e-14 2.6227e-14
1.4064e+00 7.5570e-16 1.1450e-15 2.2047e-15
1.4184e+00 3.0004e-16 4.5462e-16 8.7532e-16
1.4306e+00 1.8001e-16 2.7275e-16 5.2515e-16
1.4428e+00 1.2463e-16 1.8885e-16 3.6361e-16
1.4552e+00 9.3191e-17 1.4120e-16 2.7187e-16
1.4676e+00 7.3157e-17 1.1085e-16 2.1343e-16
1.4802e+00 5.9273e-17 8.9811e-17 1.7292e-16
1.4929e+00 4.9105e-17 7.4404e-17 1.4326e-16
1.5057e+00 4.1375e-17 6.2692e-17 1.2071e-16
1.5186e+00 3.5335e-17 5.3540e-17 1.0308e-16
1.5316e+00 3.0552e-17 4.6293e-17 8.9132e-17
1.5447e+00 2.6638e-17 4.0362e-17 7.7713e-17
1.5579e+00 2.3403e-17 3.5461e-17 6.8276e-17
1.5712e+00 2.0693e-17 3.1354e-17 6.0368e-17
1.5847e+00 1.8401e-17 2.7882e-17 5.3683e-17
1.5983e+00 1.6457e-17 2.4936e-17 4.8011e-17
1.6119e+00 1.4782e-17 2.2399e-17 4.3126e-17
1.6257e+00 1.3330e-17 2.0198e-17 3.8890e-17
1.6397e+00 1.2059e-17 1.8271e-17 3.5179e-17
1.6537e+00 1.0953e-17 1.6596e-17 3.1954e-17
1.6679e+00 9.9767e-18 1.5117e-17 2.9106e-17
1.6821e+00 9.1138e-18 1.3809e-17 2.6588e-17
1.6965e+00 8.3442e-18 1.2643e-17 2.4343e-17
1.7111e+00 7.6619e-18 1.1609e-17 2.2352e-17
1.7257e+00 7.0551e-18 1.0690e-17 2.0582e-17
1.7405e+00 6.5083e-18 9.8614e-18 1.8987e-17
1.7554e+00 6.0170e-18 9.1171e-18 1.7554e-17
1.7704e+00 5.5737e-18 8.4454e-18 1.6260e-17
1.7856e+00 5.1765e-18 7.8435e-18 1.5102e-17
1.8009e+00 4.8166e-18 7.2982e-18 1.4052e-17
1.8163e+00 4.4908e-18 6.8045e-18 1.3101e-17
1.8318e+00 4.1946e-18 6.3557e-18 1.2237e-17
1.8475e+00 3.9254e-18 5.9478e-18 1.1452e-17
1.8634e+00 3.6813e-18 5.5780e-18 1.0740e-17
1.8793e+00 3.4595e-18 5.2420e-18 1.0093e-17
1.8954e+00 3.2576e-18 4.9360e-18 9.5035e-18
1.9116e+00 3.0734e-18 4.6569e-18 8.9662e-18
1.9280e+00 2.9065e-18 4.4039e-18 8.4791e-18
1.9445e+00 2.7548e-18 4.1740e-18 8.0365e-18
1.9612e+00 2.6169e-18 3.9651e-18 7.6343e-18
1.9779e+00 2.4915e-18 3.7752e-18 7.2686e-18
1.9949e+00 2.3786e-18 3.6040e-18 6.9391e-18
2.0120e+00 2.2772e-18 3.4505e-18 6.6434e-18
2.0292e+00 2.1862e-18 3.3126e-18 6.3779e-18
2.0466e+00 2.1058e-18 3.1907e-18 6.1433e-18
2.0641e+00 2.0349e-18 3.0833e-18 5.9365e-18
2.0818e+00 1.9741e-18 2.9911e-18 5.7590e-18
2.0996e+00 1.9230e-18 2.9138e-18 5.6100e-18
2.1176e+00 1.8820e-18 2.8516e-18 5.4904e-18
2.1357e+00 1.8515e-18 2.8054e-18 5.4014e-18
2.1540e+00 1.8327e-18 2.7769e-18 5.3466e-18
2.1724e+00 1.8268e-18 2.7679e-18 5.3292e-18
2.1910e+00 1.8356e-18 2.7814e-18 5.3551e-18
2.2098e+00 1.8626e-18 2.8222e-18 5.4337e-18
2.2287e+00 1.9126e-18 2.8980e-18 5.5796e-18
2.2478e+00 1.9936e-18 3.0207e-18 5.8158e-18
2.2670e+00 2.1188e-18 3.2105e-18 6.1813e-18
2.2864e+00 2.3102e-18 3.5004e-18 6.7395e-18
2.3060e+00 2.6124e-18 3.9584e-18 7.6212e-18
2.3258e+00 3.1265e-18 4.7373e-18 9.1209e-18
2.3457e+00 4.1378e-18 6.2697e-18 1.2071e-17
2.3658e+00 6.8354e-18 1.0357e-17 1.9941e-17
2.3860e+00 1.0013e-16 1.5172e-16 2.9211e-16
2.4064e+00 1.0504e-17 1.5916e-17 3.0643e-17
2.4270e+00 3.9564e-18 5.9949e-18 1.1542e-17
2.4478e+00 2.2914e-18 3.4719e-18 6.6847e-18
2.4688e+00 1.5470e-18 2.3440e-18 4.5129e-18
2.4899e+00 1.1430e-18 1.7319e-18 3.3344e-18
2.5112e+00 9.2260e-19 1.3979e-18 2.6915e-18
2.5327e+00 8.6530e-19 1.3111e-18 2.5243e-18
2.5544e+00 1.2676e-18 1.9207e-18 3.6980e-18
2.5763e+00 3.9804e-17 6.0312e-17 1.1612e-16
2.5984e+00 9.4573e-19 1.4330e-18 2.7590e-18
2.6206e+00 5.2031e-19 7.8838e-19 1.5179e-18
2.6430e+00 3.6958e-19 5.5999e-19 1.0782e-18
2.6657e+00 2.8745e-19 4.3554e-19 8.3856e-19
2.6885e+00 2.3356e-19 3.5389e-19 6.8135e-19
2.7115e+00 1.9463e-19 2.9490e-19 5.6779e-19
2.7347e+00 1.6462e-19 2.4944e-19 4.8024e-19
2.7582e+00 1.4078e-19 2.1331e-19 4.1069e-19
2.7818e+00 1.2138e-19 1.8392e-19 3.5410e-19
2.8056e+00 1.0534e-19 1.5962e-19 3.0731e-19
2.8296e+00 9.1976e-20 1.3936e-19 2.6832e-19
2.8538e+00 8.0651e-20 1.2220e-19 2.3528e-19
2.8783e+00 7.1023e-20 1.0762e-19 2.0719e-19
2.9029e+00 6.2755e-20 9.5087e-20 1.8307e-19
2.9278e+00 5.5678e-20 8.4364e-20 1.6243e-19
2.9528e+00 4.9538e-20 7.5061e-20 1.4451e-19
2.9781e+00 4.4211e-20 6.6989e-20 1.2897e-19
3.0036e+00 3.9571e-20 5.9959e-20 1.1544e-19
3.0293e+00 3.5518e-20 5.3817e-20 1.0361e-19
3.0553e+00 3.1962e-20 4.8429e-20 9.3240e-20
3.0814e+00 2.8841e-20 4.3701e-20 8.4137e-20
3.1078e+00 2.6098e-20 3.9545e-20 7.6135e-20
3.1344e+00 2.3682e-20 3.5884e-20 6.9086e-20
3.1613e+00 2.1552e-20 3.2656e-20 6.2873e-20
3.1883e+00 1.9672e-20 2.9807e-20 5.7388e-20
3.2156e+00 1.8004e-20 2.7281e-20 5.2523e-20
3.2432e+00 1.6537e-20 2.5057e-20 4.8243e-20
3.2709e+00 1.5239e-20 2.3090e-20 4.4455e-20
3.2989e+00 1.4094e-20 2.1355e-20 4.1115e-20
3.3272e+00 1.3084e-20 1.9826e-20 3.8170e-20
3.3557e+00 1.2200e-20 1.8485e-20 3.5590e-20
3.3844e+00 1.1425e-20 1.7311e-20 3.3330e-20
3.4134e+00 1.0756e-20 1.6297e-20 3.1377e-20
3.4426e+00 1.0182e-20 1.5427e-20 2.9702e-20
3.4721e+00 9.6958e-21 1.4691e-20 2.8285e-20
3.5018e+00 9.2964e-21 1.4086e-20 2.7120e-20
3.5318e+00 8.9843e-21 1.3613e-20 2.6209e-20
3.5620e+00 8.7606e-21 1.3274e-20 2.5557e-20
3.5925e+00 8.6306e-21 1.3077e-20 2.5177e-20
3.6233e+00 8.6061e-21 1.3040e-20 2.5106e-20
3.6543e+00 8.7079e-21 1.3194e-20 2.5403e-20
3.6856e+00 8.9758e-21 1.3600e-20 2.6184e-20
3.7172e+00 9.4680e-21 1.4346e-20 2.7620e-20
3.7490e+00 1.0305e-20 1.5614e-20 3.0060e-20
3.7811e+00 1.1716e-20 1.7752e-20 3.4177e-20
3.8135e+00 1.4302e-20 2.1671e-20 4.1722e-20
3.8461e+00 1.9929e-20 3.0196e-20 5.8136e-20
3.8790e+00 3.9419e-20 5.9729e-20 1.1499e-19
3.9123e+00 8.7674e-19 1.3285e-18 2.5576e-18
3.9458e+00 2.6576e-20 4.0269e-20 7.7528e-20
3.9795e+00 1.2689e-20 1.9227e-20 3.7017e-20
4.0136e+00 7.8522e-21 1.1898e-20 2.2906e-20
4.0480e+00 5.4405e-21 8.2435e-21 1.5871e-20
4.0826e+00 4.0190e-21 6.0897e-21 1.1724e-20
4.1176e+00 3.0984e-21 4.6948e-21 9.0386e-21
4.1529e+00 2.4566e-21 3.7222e-21 7.1662e-21
4.1884e+00 1.9892e-21 3.0141e-21 5.8030e-21
4.2243e+00 1.6368e-21 2.4801e-21 4.7748e-21
4.2604e+00 1.3652e-21 2.0686e-21 3.9826e-21
4.2969e+00 1.1520e-21 1.7455e-21 3.3605e-21
4.3337e+00 9.8013e-22 1.4851e-21 2.8592e-21
4.3708e+00 8.3993e-22 1.2727e-21 2.4502e-21
4.4082e+00 7.2452e-22 1.0978e-21 2.1135e-21
4.4460e+00 6.2884e-22 9.5284e-22 1.8344e-21
4.4840e+00 5.4844e-22 8.3101e-22 1.5999e-21
4.5224e+00 4.8039e-22 7.2790e-22 1.4014e-21
4.5612e+00 4.2224e-22 6.3978e-22 1.2317e-21
4.6002e+00 3.7246e-22 5.6436e-22 1.0865e-21
4.6396e+00 3.2961e-22 4.9944e-22 9.6153e-22
4.6793e+00 2.9243e-22 4.4310e-22 8.5307e-22
4.7194e+00 2.6008e-22 3.9409e-22 7.5870e-22
4.7598e+00 2.3185e-22 3.5131e-22 6.7634e-22
4.8006e+00 2.0711e-22 3.1382e-22 6.0417e-22
4.8417e+00 1.8538e-22 2.8090e-22 5.4078e-22
4.8831e+00 1.6621e-22 2.5185e-22 4.8487e-22
4.9249e+00 1.4922e-22 2.2610e-22 4.3528e-22
4.9671e+00 1.3419e-22 2.0332e-22 3.9144e-22
5.0096e+00 1.2084e-22 1.8311e-22 3.5252e-22
5.0525e+00 1.0895e-22 1.6509e-22 3.1783e-22
5.0958e+00 9.8332e-23 1.4899e-22 2.8684e-22
5.1394e+00 8.8837e-23 1.3461e-22 2.5915e-22
5.1834e+00 8.0371e-23 1.2178e-22 2.3445e-22
5.2278e+00 7.2764e-23 1.1025e-22 2.1226e-22
5.2726e+00 6.5933e-23 9.9903e-23 1.9233e-22
5.3177e+00 5.9799e-23 9.0609e-23 1.7444e-22
5.3632e+00 5.4278e-23 8.2243e-23 1.5833e-22
5.4092e+00 4.9304e-23 7.4707e-23 1.4382e-22
5.4555e+00 4.4825e-23 6.7920e-23 1.3076e-22
5.5022e+00 4.0770e-23 6.1775e-23 1.1893e-22
5.5493e+00 3.7108e-23 5.6227e-23 1.0825e-22
5.5968e+00 3.3805e-23 5.1223e-23 9.8612e-23
5.6447e+00 3.0811e-23 4.6685e-23 8.9876e-23
5.6931e+00 2.8101e-23 4.2579e-23 8.1971e-23
5.7418e+00 2.5637e-23 3.8846e-23 7.4784e-23
5.7910e+00 2.3405e-23 3.5464e-23 6.8275e-23
5.8405e+00 2.1385e-23 3.2403e-23 6.2380e-23
5.8906e+00 1.9546e-23 2.9616e-23 5.7016e-23
5.9410e+00 1.7872e-23 2.7080e-23 5.2134e-23
5.9919e+00 1.6352e-23 2.4778e-23 4.7701e-23
6.0432e+00 1.4972e-23 2.2686e-23 4.3674e-23
6.0949e+00 1.3714e-23 2.0779e-23 4.0003e-23
6.1471e+00 1.2567e-23 1.9042e-23 3.6659e-23
6.1997e+00 1.1524e-23 1.7462e-23 3.3616e-23
6.2528e+00 1.0573e-23 1.6020e-23 3.0841e-23
6.3063e+00 9.7079e-24 1.4710e-23 2.8318e-23
6.3603e+00 8.9168e-24 1.3511e-23 2.6010e-23
6.4148e+00 8.1955e-24 1.2418e-23 2.3906e-23
6.4697e+00 7.5381e-24 1.1422e-23 2.1989e-23
6.5251e+00 6.9388e-24 1.0514e-23 2.0241e-23
6.5810e+00 6.3910e-24 9.6838e-24 1.8642e-23
6.6373e+00 5.8909e-24 8.9260e-24 1.7184e-23
6.6942e+00 5.4343e-24 8.2343e-24 1.5852e-23
6.7515e+00 5.0181e-24 7.6036e-24 1.4638e-23
6.8093e+00 4.6380e-24 7.0277e-24 1.3529e-23
6.8676e+00 4.2906e-24 6.5013e-24 1.2516e-23
6.9264e+00 3.9734e-24 6.0207e-24 1.1590e-23
6.9857e+00 3.6839e-24 5.5819e-24 1.0746e-23
7.0455e+00 3.4197e-24 5.1816e-24 9.9751e-24
7.1058e+00 3.1787e-24 4.8165e-24 9.2723e-24
7.1667e+00 2.9585e-24 4.4828e-24 8.6297e-24
7.2280e+00 2.7576e-24 4.1784e-24 8.0437e-24
7.2899e+00 2.5745e-24 3.9010e-24 7.5098e-24
7.3523e+00 2.4075e-24 3.6479e-24 7.0225e-24
7.4153e+00 2.2554e-24 3.4174e-24 6.5787e-24
7.4788e+00 2.1162e-24 3.2066e-24 6.1729e-24
7.5428e+00 1.9896e-24 3.0146e-24 5.8034e-24
7.6074e+00 1.8744e-24 2.8401e-24 5.4675e-24
7.6725e+00 1.7692e-24 2.6807e-24 5.1605e-24
7.7382e+00 1.6732e-24 2.5353e-24 4.8806e-24
7.8045e+00 1.5855e-24 2.4025e-24 4.6248e-24
7.8713e+00 1.5059e-24 2.2818e-24 4.3925e-24
7.9387e+00 1.4331e-24 2.1715e-24 4.1802e-24
8.0067e+00 1.3665e-24 2.0706e-24 3.9859e-24
8.0752e+00 1.3057e-24 1.9785e-24 3.8087e-24
8.1444e+00 1.2500e-24 1.8941e-24 3.6461e-24
8.2141e+00 1.1990e-24 1.8168e-24 3.4973e-24
8.2844e+00 1.1521e-24 1.7457e-24 3.3606e-24
8.3554e+00 1.1090e-24 1.6804e-24 3.2348e-24
8.4269e+00 1.0692e-24 1.6201e-24 3.1187e-24
8.4991e+00 1.0325e-24 1.5645e-24 3.0117e-24
8.5718e+00 9.9848e-25 1.5129e-24 2.9124e-24
8.6452e+00 9.6686e-25 1.4650e-24 2.8202e-24
8.7192e+00 9.3736e-25 1.4203e-24 2.7341e-24
8.7939e+00 9.0983e-25 1.3786e-24 2.6538e-24
8.8692e+00 8.8403e-25 1.3395e-24 2.5786e-24
8.9451e+00 8.5975e-25 1.3027e-24 2.5077e-24
9.0217e+00 8.3683e-25 1.2680e-24 2.4409e-24
9.0990e+00 8.1512e-25 1.2351e-24 2.3776e-24
9.1769e+00 7.9458e-25 1.2040e-24 2.3176e-24
9.2555e+00 7.7498e-25 1.1743e-24 2.2605e-24
9.3347e+00 7.5627e-25 1.1459e-24 2.2059e-24
9.4146e+00 7.3835e-25 1.1188e-24 2.1536e-24
9.4952e+00 7.2116e-25 1.0927e-24 2.1035e-24
9.5765e+00 7.0464e-25 1.0677e-24 2.0553e-24
9.6585e+00 6.8871e-25 1.0436e-24 2.0088e-24
9.7412e+00 6.7334e-25 1.0203e-24 1.9640e-24
9.8246e+00 6.5847e-25 9.9774e-25 1.9206e-24
9.9088e+00 6.4407e-25 9.7593e-25 1.8786e-24
9.9936e+00 6.3016e-25 9.5485e-25 1.8380e-24
1.0079e+01 6.1655e-25 9.3422e-25 1.7983e-24
1.0165e+01 6.0354e-25 9.1451e-25 1.7604e-24
1.0252e+01 5.9079e-25 8.9518e-25 1.7232e-24
1.0340e+01 5.7842e-25 8.7645e-25 1.6871e-24
1.0429e+01 5.6631e-25 8.5810e-25 1.6518e-24
1.0518e+01 5.5472e-25 8.4053e-25 1.6180e-24
1.0608e+01 5.4335e-25 8.2331e-25 1.5848e-24
1.0699e+01 5.3233e-25 8.0661e-25 1.5527e-24
1.0791e+01 5.2166e-25 7.9045e-25 1.5216e-24
1.0883e+01 5.1134e-25 7.7481e-25 1.4915e-24
1.0976e+01 5.0136e-25 7.5969e-25 1.4624e-24
1.1070e+01 4.9160e-25 7.4489e-25 1.4339e-24
1.1165e+01 4.8223e-25 7.3070e-25 1.4065e-24
1.1261e+01 4.7310e-25 7.1686e-25 1.3799e-24
1.1357e+01 4.6439e-25 7.0366e-25 1.3545e-24
1.1454e+01 4.5591e-25 6.9081e-25 1.3297e-24
1.1552e+01 4.4771e-25 6.7840e-25 1.3058e-24
1.1651e+01 4.3983e-25 6.6646e-25 1.2828e-24
1.1751e+01 4.3225e-25 6.5497e-25 1.2607e-24
1.1852e+01 4.2489e-25 6.4382e-25 1.2392e-24
1.1953e+01 4.1787e-25 6.3318e-25 1.2187e-24
1.2055e+01 4.1114e-25 6.2297e-25 1.1990e-24
1.2159e+01 4.0459e-25 6.1306e-25 1.1799e-24
1.2263e+01 3.9833e-25 6.0358e-25 1.1617e-24
1.2368e+01 3.9237e-25 5.9454e-25 1.1442e-24
1.2474e+01 3.8658e-25 5.8577e-25 1.1274e-24
1.2580e+01 3.8106e-25 5.7741e-25 1.1112e-24
1.2688e+01 3.7578e-25 5.6941e-25 1.0958e-24
1.2797e+01 3.7067e-25 5.6166e-25 1.0809e-24
1.2906e+01 3.6577e-25 5.5424e-25 1.0666e-24
1.3017e+01 3.6110e-25 5.4716e-25 1.0530e-24
1.3128e+01 3.5659e-25 5.4033e-25 1.0398e-24
1.3241e+01 3.5227e-25 5.3377e-25 1.0271e-24
1.3354e+01 3.4815e-25 5.2753e-25 1.0151e-24
1.3468e+01 3.4418e-25 5.2152e-25 1.0035e-24
1.3584e+01 3.4036e-25 5.1574e-25 9.9239e-25
1.3700e+01 3.3669e-25 5.1017e-25 9.8166e-25
1.3817e+01 3.3319e-25 5.0487e-25 9.7143e-25
1.3936e+01 3.2981e-25 4.9974e-25 9.6155e-25
1.4055e+01 3.2657e-25 4.9484e-25 9.5209e-25
1.4175e+01 3.2345e-25 4.9011e-25 9.4299e-25
1.4297e+01 3.2046e-25 4.8558e-25 9.3424e-25
1.4419e+01 3.1757e-25 4.8120e-25 9.2580e-25
1.4543e+01 3.1479e-25 4.7699e-25 9.1769e-25
1.4667e+01 3.1213e-25 4.7297e-25 9.0992e-25
1.4793e+01 3.0957e-25 4.6907e-25 9.0242e-25
1.4919e+01 3.0709e-25 4.6532e-25 8.9517e-25
1.5047e+01 3.0472e-25 4.6174e-25 8.8827e-25
1.5176e+01 3.0242e-25 4.5825e-25 8.8154e-25
1.5306e+01 3.0023e-25 4.5492e-25 8.7512e-25
1.5437e+01 2.9809e-25 4.5169e-25 8.6887e-25
1.5569e+01 2.9603e-25 4.4857e-25 8.6286e-25
1.5702e+01 2.9406e-25 4.4558e-25 8.5708e-25
1.5837e+01 2.9215e-25 4.4269e-25 8.5151e-25
1.5972e+01 2.9030e-25 4.3988e-25 8.4609e-25
1.6109e+01 2.8852e-25 4.3719e-25 8.4089e-25
1.6247e+01 2.8680e-25 4.3459e-25 8.3587e-25
1.6386e+01 2.8515e-25 4.3208e-25 8.3103e-25
1.6526e+01 2.8355e-25 4.2965e-25 8.2634e-25
1.6668e+01 2.8200e-25 4.2731e-25 8.2181e-25
1.6811e+01 2.8050e-25 4.2503e-25 8.1741e-25
1.6955e+01 2.7905e-25 4.2284e-25 8.1317e-25
1.7100e+01 2.7765e-25 4.2072e-25 8.0908e-25
1.7246e+01 2.7630e-25 4.1866e-25 8.0510e-25
1.7394e+01 2.7499e-25 4.1668e-25 8.0128e-25
1.7543e+01 2.7371e-25 4.1475e-25 7.9754e-25
1.7693e+01 2.7248e-25 4.1288e-25 7.9393e-25
1.7844e+01 2.7129e-25 4.1107e-25 7.9043e-25
1.7997e+01 2.7013e-25 4.0933e-25 7.8705e-25
1.8151e+01 2.6902e-25 4.0764e-25 7.8378e-25
1.8307e+01 2.6793e-25 4.0599e-25 7.8059e-25
1.8464e+01 2.6688e-25 4.0440e-25 7.7752e-25
1.8622e+01 2.6585e-25 4.0284e-25 7.7450e-25
1.8781e+01 2.6487e-25 4.0135e-25 7.7161e-25
1.8942e+01 2.6392e-25 3.9991e-25 7.6882e-25
1.9104e+01 2.6298e-25 3.9849e-25 7.6607e-25
1.9268e+01 2.6207e-25 3.9711e-25 7.6340e-25
1.9433e+01 2.6119e-25 3.9578e-25 7.6082e-25
1.9599e+01 2.6034e-25 3.9449e-25 7.5831e-25
1.9767e+01 2.5951e-25 3.9323e-25 7.5589e-25
1.9936e+01 2.5870e-25 3.9201e-25 7.5352e-25
2.0107e+01 2.5792e-25 3.9083e-25 7.5122e-25
2.0279e+01 2.5716e-25 3.8967e-25 7.4898e-25
2.0452e+01 2.5642e-25 3.8855e-25 7.4682e-25
2.0628e+01 2.5570e-25 3.8747e-25 7.4473e-25
2.0804e+01 2.5500e-25 3.8640e-25 7.4269e-25
2.0982e+01 2.5432e-25 3.8538e-25 7.4072e-25
2.1162e+01 2.5366e-25 3.8437e-25 7.3879e-25
2.1343e+01 2.5301e-25 3.8339e-25 7.3691e-25
2.1526e+01 2.5239e-25 3.8244e-25 7.3508e-25
2.1710e+01 2.5177e-25 3.8151e-25 7.3330e-25
2.1896e+01 2.5118e-25 3.8061e-25 7.3157e-25
2.2084e+01 2.5060e-25 3.7973e-25 7.2988e-25
2.2273e+01 2.5003e-25 3.7887e-25 7.2823e-25
2.2463e+01 2.4948e-25 3.7804e-25 7.2664e-25
2.2656e+01 2.4894e-25 3.7723e-25 7.2508e-25
2.2850e+01 2.4842e-25 3.7643e-25 7.2356e-25
2.3045e+01 2.4791e-25 3.7566e-25 7.2208e-25
2.3243e+01 2.4741e-25 3.7491e-25 7.2063e-25
2.3442e+01 2.4693e-25 3.7417e-25 7.1921e-25
2.3642e+01 2.4646e-25 3.7346e-25 7.1785e-25
2.3845e+01 2.4599e-25 3.7274e-25 7.1648e-25
2.4049e+01 2.4554e-25 3.7206e-25 7.1518e-25
2.4255e+01 2.4510e-25 3.7140e-25 7.1391e-25
2.4463e+01 2.4467e-25 3.7075e-25 7.1266e-25
2.4672e+01 2.4425e-25 3.7011e-25 7.1144e-25
2.4883e+01 2.4384e-25 3.6949e-25 7.1024e-25
2.5096e+01 2.4344e-25 3.6888e-25 7.0908e-25
2.5311e+01 2.4305e-25 3.6829e-25 7.0795e-25
2.5528e+01 2.4266e-25 3.6770e-25 7.0681e-25
2.5747e+01 2.4228e-25 3.6714e-25 7.0573e-25
2.5967e+01 2.4192e-25 3.6658e-25 7.0467e-25
2.6189e+01 2.4157e-25 3.6605e-25 7.0364e-25
2.6414e+01 2.4121e-25 3.6551e-25 7.0262e-25
2.6640e+01 2.4087e-25 3.6500e-25 7.0163e-25
2.6868e+01 2.4054e-25 3.6449e-25 7.0065e-25
2.7098e+01 2.4021e-25 3.6400e-25 6.9972e-25
2.7330e+01 2.3989e-25 3.6351e-25 6.9878e-25
2.7564e+01 2.3958e-25 3.6304e-25 6.9787e-25
2.7800e+01 2.3927e-25 3.6257e-25 6.9699e-25
2.8038e+01 2.3898e-25 3.6213e-25 6.9614e-25
2.8278e+01 2.3868e-25 3.6168e-25 6.9529e-25
2.8520e+01 2.3839e-25 3.6124e-25 6.9443e-25
2.8764e+01 2.3812e-25 3.6082e-25 6.9364e-25
2.9011e+01 2.3784e-25 3.6040e-25 6.9282e-25
2.9259e+01 2.3757e-25 3.5999e-25 6.9204e-25
2.9509e+01 2.3730e-25 3.5959e-25 6.9128e-25
2.9762e+01 2.3705e-25 3.5920e-25 6.9054e-25
3.0017e+01 2.3679e-25 3.5882e-25 6.8980e-25
3.0274e+01 2.3655e-25 3.5845e-25 6.8909e-25
3.0533e+01 2.3630e-25 3.5807e-25 6.8838e-25
3.0795e+01 2.3607e-25 3.5772e-25 6.8769e-25
3.1058e+01 2.3583e-25 3.5736e-25 6.8702e-25
3.1324e+01 2.3560e-25 3.5701e-25 6.8634e-25
3.1592e+01 2.3538e-25 3.5667e-25 6.8570e-25
3.1863e+01 2.3516e-25 3.5634e-25 6.8507e-25
3.2136e+01 2.3494e-25 3.5602e-25 6.8445e-25
3.2411e+01 2.3473e-25 3.5569e-25 6.8382e-25
3.2688e+01 2.3452e-25 3.5538e-25 6.8323e-25
3.2968e+01 2.3432e-25 3.5507e-25 6.8264e-25
3.3251e+01 2.3411e-25 3.5476e-25 6.8204e-25
3.3535e+01 2.3392e-25 3.5447e-25 6.8148e-25
3.3822e+01 2.3373e-25 3.5418e-25 6.8093e-25
3.4112e+01 2.3354e-25 3.5390e-25 6.8039e-25
3.4404e+01 2.3335e-25 3.5361e-25 6.7985e-25
3.4699e+01 2.3317e-25 3.5334e-25 6.7932e-25
3.4996e+01 2.3299e-25 3.5307e-25 6.7881e-25
3.5295e+01 2.3282e-25 3.5280e-25 6.7830e-25
3.5598e+01 2.3265e-25 3.5255e-25 6.7782e-25
3.5902e+01 2.3248e-25 3.5228e-25 6.7732e-25
3.6210e+01 2.3231e-25 3.5203e-25 6.7684e-25
3.6520e+01 2.3215e-25 3.5179e-25 6.7638e-25
3.6832e+01 2.3199e-25 3.5156e-25 6.7593e-25
3.7148e+01 2.3184e-25 3.5132e-25 6.7547e-25
3.7466e+01 2.3168e-25 3.5108e-25 6.7502e-25
3.7787e+01 2.3153e-25 3.5086e-25 6.7460e-25
3.8110e+01 2.3138e-25 3.5062e-25 6.7415e-25
3.8437e+01 2.3123e-25 3.5040e-25 6.7373e-25
3.8766e+01 2.3109e-25 3.5019e-25 6.7334e-25
3.9098e+01 2.3095e-25 3.4997e-25 6.7292e-25
3.9432e+01 2.3081e-25 3.4977e-25 6.7252e-25
3.9770e+01 2.3068e-25 3.4956e-25 6.7213e-25
4.0110e+01 2.3054e-25 3.4936e-25 6.7175e-25
4.0454e+01 2.3041e-25 3.4917e-25 6.7138e-25
4.0800e+01 2.3029e-25 3.4897e-25 6.7101e-25
4.1150e+01 2.3016e-25 3.4878e-25 6.7065e-25
4.1502e+01 2.3003e-25 3.4859e-25 6.7028e-25
4.1857e+01 2.2990e-25 3.4840e-25 6.6992e-25
4.2216e+01 2.2979e-25 3.4822e-25 6.6958e-25
4.2577e+01 2.2967e-25 3.4804e-25 6.6925e-25
4.2942e+01 2.2955e-25 3.4787e-25 6.6891e-25
4.3309e+01 2.2944e-25 3.4769e-25 6.6858e-25
4.3680e+01 2.2933e-25 3.4753e-25 6.6827e-25
4.4054e+01 2.2921e-25 3.4735e-25 6.6794e-25
4.4431e+01 2.2911e-25 3.4719e-25 6.6764e-25
4.4812e+01 2.2900e-25 3.4703e-25 6.6733e-25
4.5195e+01 2.2890e-25 3.4687e-25 6.6703e-25
4.5582e+01 2.2879e-25 3.4671e-25 6.6673e-25
4.5973e+01 2.2869e-25 3.4656e-25 6.6644e-25
4.6366e+01 2.2859e-25 3.4641e-25 6.6616e-25
4.6763e+01 2.2849e-25 3.4626e-25 6.6588e-25
4.7164e+01 2.2840e-25 3.4611e-25 6.6560e-25
4.7568e+01 2.2830e-25 3.4597e-25 6.6532e-25
4.7975e+01 2.2821e-25 3.4583e-25 6.6507e-25
4.8386e+01 2.2811e-25 3.4569e-25 6.6480e-25
4.8800e+01 2.2803e-25 3.4556e-25 6.6455e-25
4.9218e+01 2.2794e-25 3.4542e-25 6.6430e-25
4.9639e+01 2.2785e-25 3.4529e-25 6.6405e-25
5.0064e+01 2.2776e-25 3.4516e-25 6.6381e-25
5.0493e+01 2.2768e-25 3.4503e-25 6.6356e-25
5.0925e+01 2.2759e-25 3.4490e-25 6.6331e-25
5.1361e+01 2.2751e-25 3.4478e-25 6.6310e-25
5.1801e+01 2.2743e-25 3.4465e-25 6.6285e-25
5.2244e+01 2.2735e-25 3.4454e-25 6.6264e-25
5.2692e+01 2.2727e-25 3.4442e-25 6.6242e-25
5.3143e+01 2.2719e-25 3.4430e-25 6.6219e-25
5.3598e+01 2.2712e-25 3.4419e-25 6.6199e-25
5.4057e+01 2.2705e-25 3.4408e-25 6.6177e-25
5.4520e+01 2.2697e-25 3.4396e-25 6.6156e-25
5.4987e+01 2.2690e-25 3.4386e-25 6.6137e-25
5.5457e+01 2.2683e-25 3.4375e-25 6.6116e-25
5.5932e+01 2.2675e-25 3.4364e-25 6.6095e-25
5.6411e+01 2.2669e-25 3.4354e-25 6.6076e-25
5.6894e+01 2.2662e-25 3.4343e-25 6.6057e-25
5.7381e+01 2.2655e-25 3.4334e-25 6.6039e-25
5.7872e+01 2.2649e-25 3.4324e-25 6.6021e-25
5.8368e+01 2.2643e-25 3.4314e-25 6.6003e-25
5.8868e+01 2.2636e-25 3.4304e-25 6.5984e-25
5.9372e+01 2.2630e-25 3.4295e-25 6.5968e-25
5.9880e+01 2.2623e-25 3.4285e-25 6.5950e-25
6.0393e+01 2.2618e-25 3.4277e-25 6.5934e-25
6.0910e+01 2.2612e-25 3.4268e-25 6.5918e-25
6.1431e+01 2.2606e-25 3.4260e-25 6.5902e-25
6.1957e+01 2.2600e-25 3.4251e-25 6.5886e-25
6.2488e+01 2.2595e-25 3.4242e-25 6.5870e-25
6.3023e+01 2.2589e-25 3.4234e-25 6.5855e-25
6.3563e+01 2.2583e-25 3.4225e-25 6.5839e-25
6.4107e+01 2.2578e-25 3.4217e-25 6.5823e-25
6.4656e+01 2.2573e-25 3.4210e-25 6.5809e-25
6.5209e+01 2.2567e-25 3.4201e-25 6.5792e-25
6.5768e+01 2.2563e-25 3.4194e-25 6.5779e-25
6.6331e+01 2.2557e-25 3.4186e-25 6.5762e-25
6.6899e+01 2.2552e-25 3.4179e-25 6.5748e-25
6.7471e+01 2.2547e-25 3.4171e-25 6.5733e-25
6.8049e+01 2.2542e-25 3.4164e-25 6.5718e-25
6.8632e+01 2.2538e-25 3.4157e-25 6.5704e-25
6.9219e+01 2.2533e-25 3.4150e-25 6.5691e-25
6.9812e+01 2.2528e-25 3.4143e-25 6.5677e-25
7.0410e+01 2.2524e-25 3.4136e-25 6.5664e-25
7.1013e+01 2.2519e-25 3.4129e-25 6.5650e-25
7.1621e+01 2.2515e-25 3.4123e-25 6.5639e-25
7.2234e+01 2.2511e-25 3.4117e-25 6.5626e-25
7.2852e+01 2.2507e-25 3.4111e-25 6.5613e-25
7.3476e+01 2.2503e-25 3.4105e-25 6.5602e-25
7.4105e+01 2.2498e-25 3.4098e-25 6.5588e-25
7.4740e+01 2.2495e-25 3.4092e-25 6.5577e-25
7.5380e+01 2.2491e-25 3.4087e-25 6.5566e-25
7.6025e+01 2.2487e-25 3.4081e-25 6.5555e-25
7.6676e+01 2.2483e-25 3.4075e-25 6.5543e-25
7.7333e+01 2.2480e-25 3.4070e-25 6.5532e-25
7.7995e+01 2.2476e-25 3.4064e-25 6.5521e-25
7.8663e+01 2.2472e-25 3.4059e-25 6.5510e-25
7.9336e+01 2.2468e-25 3.4053e-25 6.5499e-25
8.0015e+01 2.2465e-25 3.4048e-25 6.5488e-25
8.0701e+01 2.2462e-25 3.4044e-25 6.5480e-25
8.1392e+01 2.2458e-25 3.4038e-25 6.5469e-25
8.2088e+01 2.2455e-25 3.4034e-25 6.5461e-25
8.2791e+01 2.2452e-25 3.4029e-25 6.5450e-25
8.3500e+01 2.2449e-25 3.4025e-25 6.5442e-25
8.4215e+01 2.2446e-25 3.4019e-25 6.5431e-25
8.4936e+01 2.2443e-25 3.4015e-25 6.5424e-25
8.5663e+01 2.2439e-25 3.4009e-25 6.5413e-25
8.6397e+01 2.2437e-25 3.4004e-25 6.5405e-25
8.7137e+01 2.2434e-25 3.4000e-25 6.5397e-25
8.7883e+01 2.2432e-25 3.3996e-25 6.5389e-25
8.8635e+01 2.2429e-25 3.3992e-25 6.5381e-25
8.9394e+01 2.2427e-25 3.3987e-25 6.5374e-25
9.0159e+01 2.2424e-25 3.3983e-25 6.5366e-25
9.0931e+01 2.2421e-25 3.3979e-25 6.5358e-25
9.1710e+01 2.2419e-25 3.3975e-25 6.5350e-25
9.2495e+01 2.2416e-25 3.3971e-25 6.5343e-25
9.3287e+01 2.2414e-25 3.3966e-25 6.5335e-25
9.4086e+01 2.2411e-25 3.3962e-25 6.5327e-25
9.4891e+01 2.2409e-25 3.3959e-25 6.5321e-25
9.5704e+01 2.2407e-25 3.3955e-25 6.5315e-25
9.6523e+01 2.2405e-25 3.3951e-25 6.5313e-25
9.7350e+01 2.2403e-25 3.3948e-25 6.5314e-25
9.8183e+01 2.2401e-25 3.3944e-25 6.5313e-25
9.9024e+01 2.2399e-25 3.3941e-25 6.5312e-25
9.9872e+01 2.2397e-25 3.3938e-25 6.5313e-25
1.0073e+02 2.2395e-25 3.3935e-25 6.5315e-25
1.0159e+02 2.2393e-25 3.3931e-25 6.5314e-25
1.0246e+02 2.2392e-25 3.3929e-25 6.5316e-25
1.0334e+02 2.2390e-25 3.3926e-25 6.5318e-25
1.0422e+02 2.2388e-25 3.3922e-25 6.5317e-25
1.0511e+02 2.2386e-25 3.3919e-25 6.5319e-25
1.0601e+02 2.2385e-25 3.3917e-25 6.5322e-25
1.0692e+02 2.2384e-25 3.3915e-25 6.5324e-25
1.0784e+02 2.2382e-25 3.3912e-25 6.5327e-25
1.0876e+02 2.2381e-25 3.3909e-25 6.5322e-25
1.0969e+02 2.2380e-25 3.3907e-25 6.5317e-25
1.1063e+02 2.2378e-25 3.3905e-25 6.5312e-25
1.1158e+02 2.2377e-25 3.3902e-25 6.5307e-25
1.1253e+02 2.2376e-25 3.3900e-25 6.5302e-25
1.1350e+02 2.2374e-25 3.3898e-25 6.5297e-25
1.1447e+02 2.2374e-25 3.3896e-25 6.5293e-25
1.1545e+02 2.2373e-25 3.3894e-25 6.5290e-25
1.1644e+02 2.2372e-25 3.3892e-25 6.5284e-25
1.1743e+02 2.2370e-25 3.3890e-25 6.5282e-25
1.1844e+02 2.2370e-25 3.3888e-25 6.5290e-25
1.1945e+02 2.2369e-25 3.3887e-25 6.5298e-25
1.2048e+02 2.2368e-25 3.3885e-25 6.5306e-25
1.2151e+02 2.2367e-25 3.3884e-25 6.5316e-25
1.2255e+02 2.2367e-25 3.3883e-25 6.5325e-25
1.2360e+02 2.2367e-25 3.3882e-25 6.5335e-25
1.2466e+02 2.2366e-25 3.3880e-25 6.5345e-25
1.2572e+02 2.2365e-25 3.3878e-25 6.5352e-25
1.2680e+02 2.2365e-25 3.3877e-25 6.5363e-25
1.2789e+02 2.2365e-25 3.3877e-25 6.5371e-25
1.2898e+02 2.2365e-25 3.3876e-25 6.5372e-25
1.3008e+02 2.2364e-25 3.3874e-25 6.5370e-25
1.3120e+02 2.2364e-25 3.3875e-25 6.5373e-25
1.3232e+02 2.2364e-25 3.3874e-25 6.5373e-25
1.3345e+02 2.2364e-25 3.3873e-25 6.5373e-25
1.3460e+02 2.2364e-25 3.3873e-25 6.5373e-25
1.3575e+02 2.2364e-25 3.3872e-25 6.5373e-25
1.3691e+02 2.2364e-25 3.3873e-25 6.5376e-25
1.3808e+02 2.2364e-25 3.3872e-25 6.5376e-25
1.3927e+02 2.2364e-25 3.3871e-25 6.5376e-25
1.4046e+02 2.2365e-25 3.3872e-25 6.5380e-25
1.4166e+02 2.2365e-25 3.3871e-25 6.5380e-25
1.4287e+02 2.2366e-25 3.3872e-25 6.5383e-25
1.4410e+02 2.2366e-25 3.3871e-25 6.5384e-25
1.4533e+02 2.2367e-25 3.3872e-25 6.5387e-25
1.4658e+02 2.2368e-25 3.3874e-25 6.5391e-25
1.4783e+02 2.2367e-25 3.3874e-25 6.5392e-25
1.4910e+02 2.2368e-25 3.3875e-25 6.5395e-25
1.5037e+02 2.2370e-25 3.3877e-25 6.5399e-25
1.5166e+02 2.2371e-25 3.3878e-25 6.5403e-25
1.5296e+02 2.2372e-25 3.3880e-25 6.5407e-25
1.5427e+02 2.2372e-25 3.3880e-25 6.5408e-25
1.5559e+02 2.2373e-25 3.3881e-25 6.5412e-25
1.5692e+02 2.2374e-25 3.3883e-25 6.5415e-25
1.5827e+02 2.2375e-25 3.3885e-25 6.5418e-25
1.5962e+02 2.2377e-25 3.3888e-25 6.5422e-25
1.6099e+02 2.2378e-25 3.3890e-25 6.5426e-25
1.6237e+02 2.2380e-25 3.3892e-25 6.5428e-25
1.6376e+02 2.2381e-25 3.3894e-25 6.5430e-25
1.6516e+02 2.2382e-25 3.3895e-25 6.5433e-25
1.6657e+02 2.2384e-25 3.3899e-25 6.5439e-25
1.6800e+02 2.2386e-25 3.3901e-25 6.5441e-25
1.6944e+02 2.2387e-25 3.3903e-25 6.5445e-25
1.7089e+02 2.2389e-25 3.3906e-25 6.5450e-25
1.7235e+02 2.2392e-25 3.3910e-25 6.5455e-25
1.7383e+02 2.2393e-25 3.3912e-25 6.5459e-25
1.7532e+02 2.2396e-25 3.3916e-25 6.5465e-25
1.7682e+02 2.2397e-25 3.3918e-25 6.5468e-25
1.7833e+02 2.2400e-25 3.3922e-25 6.5474e-25
1.7986e+02 2.2402e-25 3.3926e-25 6.5480e-25
1.8140e+02 2.2405e-25 3.3929e-25 6.5486e-25
1.8295e+02 2.2407e-25 3.3933e-25 6.5493e-25
1.8452e+02 2.2410e-25 3.3937e-25 6.5499e-25
1.8610e+02 2.2412e-25 3.3941e-25 6.5505e-25
1.8769e+02 2.2415e-25 3.3945e-25 6.5512e-25
1.8930e+02 2.2418e-25 3.3949e-25 6.5519e-25
1.9092e+02 2.2421e-25 3.3953e-25 6.5526e-25
1.9255e+02 2.2424e-25 3.3958e-25 6.5533e-25
1.9420e+02 2.2427e-25 3.3963e-25 6.5541e-25
1.9586e+02 2.2430e-25 3.3968e-25 6.5550e-25
1.9754e+02 2.2433e-25 3.3972e-25 6.5559e-25
1.9923e+02 2.2437e-25 3.3978e-25 6.5570e-25
2.0094e+02 2.2440e-25 3.3982e-25 6.5579e-25
2.0266e+02 2.2444e-25 3.3988e-25 6.5591e-25
2.0439e+02 2.2447e-25 3.3993e-25 6.5601e-25
2.0614e+02 2.2451e-25 3.3999e-25 6.5613e-25
2.0791e+02 2.2455e-25 3.4005e-25 6.5625e-25
2.0969e+02 2.2459e-25 3.4011e-25 6.5637e-25
2.1148e+02 2.2463e-25 3.4018e-25 6.5650e-25
2.1330e+02 2.2468e-25 3.4024e-25 6.5663e-25
2.1512e+02 2.2472e-25 3.4030e-25 6.5675e-25
2.1696e+02 2.2476e-25 3.4037e-25 6.5687e-25
2.1882e+02 2.2481e-25 3.4044e-25 6.5699e-25
2.2069e+02 2.2486e-25 3.4052e-25 6.5711e-25
2.2258e+02 2.2490e-25 3.4058e-25 6.5720e-25
2.2449e+02 2.2496e-25 3.4066e-25 6.5732e-25
2.2641e+02 2.2501e-25 3.4074e-25 6.5745e-25
2.2835e+02 2.2506e-25 3.4083e-25 6.5757e-25
2.3031e+02 2.2513e-25 3.4092e-25 6.5773e-25
2.3228e+02 2.2520e-25 3.4104e-25 6.5791e-25
2.3427e+02 2.2530e-25 3.4119e-25 6.5817e-25
2.3627e+02 2.2563e-25 3.4169e-25 6.5910e-25
2.3830e+02 2.3832e-25 3.6090e-25 6.9615e-25
2.4034e+02 2.2581e-25 3.4193e-25 6.5954e-25
2.4239e+02 2.2554e-25 3.4152e-25 6.5874e-25
2.4447e+02 2.2554e-25 3.4151e-25 6.5871e-25
2.4656e+02 2.2559e-25 3.4156e-25 6.5880e-25
2.4867e+02 2.2564e-25 3.4163e-25 6.5894e-25
2.5080e+02 2.2570e-25 3.4171e-25 6.5908e-25
2.5295e+02 2.2577e-25 3.4180e-25 6.5924e-25
2.5512e+02 2.2584e-25 3.4189e-25 6.5941e-25
2.5730e+02 2.2591e-25 3.4197e-25 6.5956e-25
2.5950e+02 2.2599e-25 3.4208e-25 6.5976e-25
2.6173e+02 2.2606e-25 3.4217e-25 6.5993e-25
2.6397e+02 2.2613e-25 3.4227e-25 6.6011e-25
2.6623e+02 2.2621e-25 3.4237e-25 6.6029e-25
2.6851e+02 2.2629e-25 3.4248e-25 6.6049e-25
2.7080e+02 2.2636e-25 3.4258e-25 6.6067e-25
2.7312e+02 2.2644e-25 3.4269e-25 6.6079e-25
2.7546e+02 2.2653e-25 3.4280e-25 6.6079e-25
2.7782e+02 2.2661e-25 3.4291e-25 6.6078e-25
2.8020e+02 2.2670e-25 3.4303e-25 6.6077e-25
2.8260e+02 2.2679e-25 3.4316e-25 6.6091e-25
2.8502e+02 2.2688e-25 3.4327e-25 6.6110e-25
2.8746e+02 2.2698e-25 3.4341e-25 6.6132e-25
2.8992e+02 2.2707e-25 3.4352e-25 6.6151e-25
2.9240e+02 2.2717e-25 3.4366e-25 6.6174e-25
2.9491e+02 2.2726e-25 3.4379e-25 6.6197e-25
2.9743e+02 2.2737e-25 3.4393e-25 6.6219e-25
2.9998e+02 2.2747e-25 3.4407e-25 6.6242e-25
3.0255e+02 2.2757e-25 3.4421e-25 6.6266e-25
3.0514e+02 2.2768e-25 3.4436e-25 6.6292e-25
3.0775e+02 2.2779e-25 3.4451e-25 6.6315e-25
3.1038e+02 2.2790e-25 3.4468e-25 6.6342e-25
3.1304e+02 2.2802e-25 3.4487e-25 6.6369e-25
3.1572e+02 2.2813e-25 3.4511e-25 6.6396e-25
3.1842e+02 2.2825e-25 3.4536e-25 6.6424e-25
3.2115e+02 2.2837e-25 3.4561e-25 6.6451e-25
3.2390e+02 2.2849e-25 3.4586e-25 6.6479e-25
3.2667e+02 2.2862e-25 3.4613e-25 6.6510e-25
3.2947e+02 2.2875e-25 3.4639e-25 6.6540e-25
3.3229e+02 2.2888e-25 3.4659e-25 6.6571e-25
3.3514e+02 2.2901e-25 3.4677e-25 6.6602e-25
3.3801e+02 2.2914e-25 3.4696e-25 6.6633e-25
3.4090e+02 2.2928e-25 3.4717e-25 6.6667e-25
3.4382e+02 2.2942e-25 3.4736e-25 6.6700e-25
3.4676e+02 2.2956e-25 3.4756e-25 6.6734e-25
3.4973e+02 2.2970e-25 3.4777e-25 6.6769e-25
3.5273e+02 2.2985e-25 3.4798e-25 6.6810e-25
3.5575e+02 2.3001e-25 3.4821e-25 6.6855e-25
3.5879e+02 2.3016e-25 3.4843e-25 6.6898e-25
3.6187e+02 2.3032e-25 3.4866e-25 6.6944e-25
3.6496e+02 2.3048e-25 3.4889e-25 6.6990e-25
3.6809e+02 2.3064e-25 3.4913e-25 6.7036e-25
3.7124e+02 2.3081e-25 3.4936e-25 6.7083e-25
3.7442e+02 2.3098e-25 3.4961e-25 6.7132e-25
3.7762e+02 2.3115e-25 3.4987e-25 6.7182e-25
3.8086e+02 2.3133e-25 3.5013e-25 6.7232e-25
3.8412e+02 2.3151e-25 3.5039e-25 6.7284e-25
3.8741e+02 2.3169e-25 3.5067e-25 6.7337e-25
3.9072e+02 2.3189e-25 3.5095e-25 6.7392e-25
3.9407e+02 2.3207e-25 3.5122e-25 6.7444e-25
3.9744e+02 2.3227e-25 3.5152e-25 6.7502e-25
4.0085e+02 2.3247e-25 3.5181e-25 6.7558e-25
4.0428e+02 2.3267e-25 3.5210e-25 6.7615e-25
4.0774e+02 2.3287e-25 3.5241e-25 6.7675e-25
4.1123e+02 2.3308e-25 3.5272e-25 6.7735e-25
4.1475e+02 2.3330e-25 3.5304e-25 6.7802e-25
4.1830e+02 2.3352e-25 3.5336e-25 6.7878e-25
4.2189e+02 2.3374e-25 3.5370e-25 6.7958e-25
4.2550e+02 2.3397e-25 3.5404e-25 6.8040e-25
4.2914e+02 2.3420e-25 3.5437e-25 6.8122e-25
4.3282e+02 2.3443e-25 3.5474e-25 6.8208e-25
4.3652e+02 2.3467e-25 3.5514e-25 6.8294e-25
4.4026e+02 2.3492e-25 3.5554e-25 6.8381e-25
4.4403e+02 2.3517e-25 3.5595e-25 6.8472e-25
4.4783e+02 2.3542e-25 3.5637e-25 6.8563e-25
4.5166e+02 2.3568e-25 3.5679e-25 6.8655e-25
4.5553e+02 2.3595e-25 3.5723e-25 6.8750e-25
4.5943e+02 2.3622e-25 3.5768e-25 6.8866e-25
4.6337e+02 2.3649e-25 3.5812e-25 6.8997e-25
4.6733e+02 2.3677e-25 3.5857e-25 6.9115e-25
4.7133e+02 2.3706e-25 3.5905e-25 6.9210e-25
4.7537e+02 2.3793e-25 3.6040e-25 6.9474e-25
4.7944e+02 2.3768e-25 3.6006e-25 6.9413e-25
4.8355e+02 2.3795e-25 3.6051e-25 6.9495e-25
4.8769e+02 2.3825e-25 3.6100e-25 6.9558e-25
4.9186e+02 2.3857e-25 3.6145e-25 6.9625e-25
4.9607e+02 2.3888e-25 3.6190e-25 6.9691e-25
5.0032e+02 2.3921e-25 3.6238e-25 6.9788e-25
5.0460e+02 2.3954e-25 3.6285e-25 6.9908e-25
5.0892e+02 2.3988e-25 3.6333e-25 7.0034e-25
5.1328e+02 2.4023e-25 3.6384e-25 7.0165e-25
5.1768e+02 2.4057e-25 3.6433e-25 7.0295e-25
5.2211e+02 2.4094e-25 3.6486e-25 7.0430e-25
5.2658e+02 2.4130e-25 3.6538e-25 7.0550e-25
5.3109e+02 2.4167e-25 3.6592e-25 7.0654e-25
5.3564e+02 2.4205e-25 3.6646e-25 7.0765e-25
5.4022e+02 2.4244e-25 3.6702e-25 7.0926e-25
5.4485e+02 2.4283e-25 3.6758e-25 7.1065e-25
5.4951e+02 2.4323e-25 3.6817e-25 7.1208e-25
5.5422e+02 2.4364e-25 3.6875e-25 7.1352e-25
5.5896e+02 2.4406e-25 3.6936e-25 7.1496e-25
5.6375e+02 2.4448e-25 3.6997e-25 7.1623e-25
5.6858e+02 2.4491e-25 3.7060e-25 7.1754e-25
5.7344e+02 2.4535e-25 3.7124e-25 7.1886e-25
5.7835e+02 2.4581e-25 3.7190e-25 7.2023e-25
5.8331e+02 2.4626e-25 3.7255e-25 7.2159e-25
5.8830e+02 2.4673e-25 3.7323e-25 7.2300e-25
5.9334e+02 2.4721e-25 3.7392e-25 7.2443e-25
5.9842e+02 2.4769e-25 3.7463e-25 7.2589e-25
6.0354e+02 2.4819e-25 3.7534e-25 7.2737e-25
6.0871e+02 2.4869e-25 3.7607e-25 7.2888e-25
6.1392e+02 2.4920e-25 3.7682e-25 7.3043e-25
6.1918e+02 2.4973e-25 3.7758e-25 7.3201e-25
6.2448e+02 2.5026e-25 3.7835e-25 7.3360e-25
6.2983e+02 2.5080e-25 3.7914e-25 7.3523e-25
6.3522e+02 2.5136e-25 3.7995e-25 7.3686e-25
6.4066e+02 2.5192e-25 3.8077e-25 7.3841e-25
6.4614e+02 2.5250e-25 3.8161e-25 7.4001e-25
6.5168e+02 2.5308e-25 3.8246e-25 7.4199e-25
6.5726e+02 2.5368e-25 3.8336e-25 7.4378e-25
6.6288e+02 2.5429e-25 3.8428e-25 7.4551e-25
6.6856e+02 2.5492e-25 3.8521e-25 7.4760e-25
6.7428e+02 2.5555e-25 3.8616e-25 7.4950e-25
6.8006e+02 2.5620e-25 3.8713e-25 7.5145e-25
6.8588e+02 2.5685e-25 3.8811e-25 7.5341e-25
6.9175e+02 2.5752e-25 3.8912e-25 7.5543e-25
6.9767e+02 2.5821e-25 3.9014e-25 7.5714e-25
7.0365e+02 2.5891e-25 3.9119e-25 7.5959e-25
7.0967e+02 2.5962e-25 3.9225e-25 7.6172e-25
7.1575e+02 2.6067e-25 3.9383e-25 7.6497e-25
7.2188e+02 2.6108e-25 3.9446e-25 7.6655e-25
7.2806e+02 2.6183e-25 3.9558e-25 7.6870e-25
7.3429e+02 2.6260e-25 3.9674e-25 7.7091e-25
7.4058e+02 2.6338e-25 3.9791e-25 7.7313e-25
7.4692e+02 2.6418e-25 3.9904e-25 7.7544e-25
7.5332e+02 2.6499e-25 4.0013e-25 7.7786e-25
7.5977e+02 2.6582e-25 4.0127e-25 7.8037e-25
7.6627e+02 2.6667e-25 4.0248e-25 7.8246e-25
7.7283e+02 2.6753e-25 4.0387e-25 7.8481e-25
7.7945e+02 2.6840e-25 4.0530e-25 7.8730e-25
7.8612e+02 2.6931e-25 4.0678e-25 7.8988e-25
7.9285e+02 2.7022e-25 4.0823e-25 7.9201e-25
7.9964e+02 2.7115e-25 4.0964e-25 7.9406e-25
8.0649e+02 2.7209e-25 4.1107e-25 7.9689e-25
8.1339e+02 2.7306e-25 4.1254e-25 8.0035e-25
8.2036e+02 2.7405e-25 4.1404e-25 8.0425e-25
8.2738e+02 2.7506e-25 4.1559e-25 8.0754e-25
8.3447e+02 2.7608e-25 4.1717e-25 8.1051e-25
8.4161e+02 2.7712e-25 4.1881e-25 8.1359e-25
8.4882e+02 2.7820e-25 4.2064e-25 8.1666e-25
8.5608e+02 2.7928e-25 4.2249e-25 8.1928e-25
8.6341e+02 2.8039e-25 4.2439e-25 8.2193e-25
8.7081e+02 2.8152e-25 4.2633e-25 8.2466e-25
8.7826e+02 2.8267e-25 4.2829e-25 8.2787e-25
8.8578e+02 2.8384e-25 4.3031e-25 8.3132e-25
8.9337e+02 2.8505e-25 4.3237e-25 8.3485e-25
9.0102e+02 2.8627e-25 4.3425e-25 8.3844e-25
9.0873e+02 2.8751e-25 4.3613e-25 8.4208e-25
9.1651e+02 2.8879e-25 4.3807e-25 8.4584e-25
9.2436e+02 2.9008e-25 4.4004e-25 8.4964e-25
9.3227e+02 2.9140e-25 4.4204e-25 8.5353e-25
9.4026e+02 2.9275e-25 4.4409e-25 8.5750e-25
9.4831e+02 2.9412e-25 4.4616e-25 8.6153e-25
9.5643e+02 2.9556e-25 4.4835e-25 8.6598e-25
9.6462e+02 2.9696e-25 4.5047e-25 8.7039e-25
9.7287e+02 2.9842e-25 4.5268e-25 8.7497e-25
9.8120e+02 2.9990e-25 4.5493e-25 8.7976e-25
9.8961e+02 3.0142e-25 4.5725e-25 8.8551e-25
9.9808e+02 3.0297e-25 4.5964e-25 8.9041e-25
1.0066e+03 3.0455e-25 4.6208e-25 8.9539e-25
1.0152e+03 3.0615e-25 4.6456e-25 9.0060e-25
1.0239e+03 3.0780e-25 4.6740e-25 9.0577e-25
1.0327e+03 3.0947e-25 4.7023e-25 9.1073e-25
1.0415e+03 3.1118e-25 4.7285e-25 9.1691e-25
1.0505e+03 3.1291e-25 4.7551e-25 9.2235e-25
1.0595e+03 3.1469e-25 4.7823e-25 9.2794e-25
1.0685e+03 3.1650e-25 4.8101e-25 9.3363e-25
1.0777e+03 3.1835e-25 4.8384e-25 9.3945e-25
1.0869e+03 3.2024e-25 4.8673e-25 9.4540e-25
1.0962e+03 3.2214e-25 4.8968e-25 9.5145e-25
1.1056e+03 3.2409e-25 4.9270e-25 9.5754e-25
1.1151e+03 3.2608e-25 4.9577e-25 9.6338e-25
1.1246e+03 3.2809e-25 4.9889e-25 9.6931e-25
1.1342e+03 3.3016e-25 5.0208e-25 9.7538e-25
1.1440e+03 3.3226e-25 5.0534e-25 9.8155e-25
1.1537e+03 3.3441e-25 5.0867e-25 9.8845e-25
1.1636e+03 3.3659e-25 5.1206e-25 9.9404e-25
1.1736e+03 3.3882e-25 5.1550e-25 1.0015e-24
1.1836e+03 3.4111e-25 5.1905e-25 1.0085e-24
1.1938e+03 3.4343e-25 5.2265e-25 1.0151e-24
1.2040e+03 3.4580e-25 5.2633e-25 1.0214e-24
1.2143e+03 3.4822e-25 5.3010e-25 1.0297e-24
1.2247e+03 3.5068e-25 5.3398e-25 1.0379e-24
1.2352e+03 3.5320e-25 5.3793e-25 1.0456e-24
1.2458e+03 3.5577e-25 5.4198e-25 1.0535e-24
1.2564e+03 3.5838e-25 5.4636e-25 1.0614e-24
1.2672e+03 3.6106e-25 5.5054e-25 1.0691e-24
1.2780e+03 3.6378e-25 5.5481e-25 1.0770e-24
1.2890e+03 3.6657e-25 5.5918e-25 1.0861e-24
1.3000e+03 3.6940e-25 5.6362e-25 1.0945e-24
1.3111e+03 3.7230e-25 5.6816e-25 1.1041e-24
1.3224e+03 3.7525e-25 5.7279e-25 1.1138e-24
1.3337e+03 3.7827e-25 5.7754e-25 1.1228e-24
1.3451e+03 3.8134e-25 5.8236e-25 1.1315e-24
1.3566e+03 3.8448e-25 5.8730e-25 1.1412e-24
1.3682e+03 3.8768e-25 5.9235e-25 1.1514e-24
1.3800e+03 3.9095e-25 5.9750e-25 1.1618e-24
1.3918e+03 3.9429e-25 6.0270e-25 1.1725e-24
1.4037e+03 3.9770e-25 6.0799e-25 1.1834e-24
1.4157e+03 4.0117e-25 6.1338e-25 1.1941e-24
1.4278e+03 4.0471e-25 6.1889e-25 1.2039e-24
1.4401e+03 4.0833e-25 6.2455e-25 1.2135e-24
1.4524e+03 4.1202e-25 6.3034e-25 1.2240e-24
1.4648e+03 4.1579e-25 6.3656e-25 1.2352e-24
1.4774e+03 4.1964e-25 6.4294e-25 1.2485e-24
1.4900e+03 4.2357e-25 6.4920e-25 1.2621e-24
1.5028e+03 4.2758e-25 6.5556e-25 1.2764e-24
1.5156e+03 4.3168e-25 6.6183e-25 1.2914e-24
1.5286e+03 4.3586e-25 6.6824e-25 1.3048e-24
1.5417e+03 4.4013e-25 6.7477e-25 1.3172e-24
1.5549e+03 4.4448e-25 6.8144e-25 1.3298e-24
1.5682e+03 4.4893e-25 6.8842e-25 1.3435e-24
1.5816e+03 4.5347e-25 6.9577e-25 1.3580e-24
1.5952e+03 4.5810e-25 7.0327e-25 1.3731e-24
1.6088e+03 4.6286e-25 7.1105e-25 1.3870e-24
1.6226e+03 4.6768e-25 7.1963e-25 1.4025e-24
1.6365e+03 4.7262e-25 7.2761e-25 1.4198e-24
1.6505e+03 4.7768e-25 7.3551e-25 1.4335e-24
1.6647e+03 4.8284e-25 7.4370e-25 1.4486e-24
1.6789e+03 4.8809e-25 7.5229e-25 1.4625e-24
1.6933e+03 4.9348e-25 7.6111e-25 1.4802e-24
1.7078e+03 4.9897e-25 7.6997e-25 1.4968e-24
1.7224e+03 5.0458e-25 7.7870e-25 1.5151e-24
1.7372e+03 5.1031e-25 7.8783e-25 1.5338e-24
1.7520e+03 5.1617e-25 7.9773e-25 1.5568e-24
1.7670e+03 5.2217e-25 8.0790e-25 1.5760e-24
1.7822e+03 5.2830e-25 8.1832e-25 1.5956e-24
1.7974e+03 5.3456e-25 8.2873e-25 1.6161e-24
1.8128e+03 5.4096e-25 8.3928e-25 1.6336e-24
1.8283e+03 5.4750e-25 8.5010e-25 1.6577e-24
1.8440e+03 5.5420e-25 8.6119e-25 1.6847e-24
1.8598e+03 5.6103e-25 8.7253e-25 1.7063e-24
1.8757e+03 5.6802e-25 8.8369e-25 1.7325e-24
1.8918e+03 5.7519e-25 8.9594e-25 1.7545e-24
1.9080e+03 5.8250e-25 9.0852e-25 1.7740e-24
1.9243e+03 5.9000e-25 9.2101e-25 1.8008e-24
1.9408e+03 5.9766e-25 9.3388e-25 1.8270e-24
1.9574e+03 6.0549e-25 9.4710e-25 1.8517e-24
1.9741e+03 6.1353e-25 9.5966e-25 1.8765e-24
1.9910e+03 6.2174e-25 9.7228e-25 1.9041e-24
2.0081e+03 6.3014e-25 9.8556e-25 1.9323e-24
2.0253e+03 6.3878e-25 1.0004e-24 1.9606e-24
2.0426e+03 6.4759e-25 1.0158e-24 1.9877e-24
2.0601e+03 6.5662e-25 1.0320e-24 2.0161e-24
2.0778e+03 6.6588e-25 1.0487e-24 2.0465e-24
2.0955e+03 6.7538e-25 1.0659e-24 2.0804e-24
2.1135e+03 6.8511e-25 1.0815e-24 2.1210e-24
2.1316e+03 6.9507e-25 1.0975e-24 2.1563e-24
2.1498e+03 7.0530e-25 1.1146e-24 2.1922e-24
2.1682e+03 7.1579e-25 1.1352e-24 2.2311e-24
2.1868e+03 7.2654e-25 1.1546e-24 2.2657e-24
2.2055e+03 7.3759e-25 1.1738e-24 2.2918e-24
2.2244e+03 7.4893e-25 1.1938e-24 2.3290e-24
2.2435e+03 7.6058e-25 1.2129e-24 2.3667e-24
2.2627e+03 7.7254e-25 1.2332e-24 2.4028e-24
2.2820e+03 7.8484e-25 1.2542e-24 2.4465e-24
2.3016e+03 7.9755e-25 1.2759e-24 2.4800e-24
2.3213e+03 8.1062e-25 1.2983e-24 2.5278e-24
2.3412e+03 8.2407e-25 1.3217e-24 2.5770e-24
2.3612e+03 8.3789e-25 1.3451e-24 2.6122e-24
2.3814e+03 8.5215e-25 1.3690e-24 2.6566e-24
2.4018e+03 8.6682e-25 1.3923e-24 2.7182e-24
2.4224e+03 8.8195e-25 1.4193e-24 2.7692e-24
2.4431e+03 8.9755e-25 1.4486e-24 2.8203e-24
2.4640e+03 9.1364e-25 1.4789e-24 2.8688e-24
2.4851e+03 9.3026e-25 1.5066e-24 2.9197e-24
2.5064e+03 9.4743e-25 1.5370e-24 2.9695e-24
2.5279e+03 9.6515e-25 1.5697e-24 3.0301e-24
2.5495e+03 9.8352e-25 1.6029e-24 3.0862e-24
2.5714e+03 1.0025e-24 1.6380e-24 3.1470e-24
2.5934e+03 1.0222e-24 1.6743e-24 3.2199e-24
2.6156e+03 1.0426e-24 1.7112e-24 3.2929e-24
2.6380e+03 1.0638e-24 1.7502e-24 3.3455e-24
2.6606e+03 1.0858e-24 1.7923e-24 3.4127e-24
2.6833e+03 1.1086e-24 1.8283e-24 3.4914e-24
2.7063e+03 1.1324e-24 1.8746e-24 3.5773e-24
2.7295e+03 1.1572e-24 1.9179e-24 3.6488e-24
2.7529e+03 1.1831e-24 1.9641e-24 3.7371e-24
2.7764e+03 1.2101e-24 1.9971e-24 3.8209e-24
2.8002e+03 1.2384e-24 2.0206e-24 3.9013e-24
2.8242e+03 1.2681e-24 2.0544e-24 4.0088e-24
2.8484e+03 1.2939e-24 2.0997e-24 4.0782e-24
2.8727e+03 1.3156e-24 2.1333e-24 4.1306e-24
2.8973e+03 1.3373e-24 2.1785e-24 4.2399e-24
2.9221e+03 1.3591e-24 2.2240e-24 4.3352e-24
2.9472e+03 1.3807e-24 2.2684e-24 4.4444e-24
2.9724e+03 1.4021e-24 2.3080e-24 4.5519e-24
2.9978e+03 1.4232e-24 2.3546e-24 4.6719e-24
3.0235e+03 1.4414e-24 2.3928e-24 4.7491e-24
3.0494e+03 1.4557e-24 2.4532e-24 4.8287e-24
3.0755e+03 1.4688e-24 2.4810e-24 4.9718e-24
3.1018e+03 1.4802e-24 2.5292e-24 5.0697e-24
3.1284e+03 1.4898e-24 2.5563e-24 5.1815e-24
3.1552e+03 1.4975e-24 2.6119e-24 5.2909e-24
3.1822e+03 1.5027e-24 2.6496e-24 5.3980e-24
3.2095e+03 1.5056e-24 2.6863e-24 5.4858e-24
3.2369e+03 1.5057e-24 2.6889e-24 5.6332e-24
3.2646e+03 1.5028e-24 2.7222e-24 5.7561e-24
3.2926e+03 1.4966e-24 2.7130e-24 5.8406e-24
3.3208e+03 1.4872e-24 2.6931e-24 5.9819e-24
3.3492e+03 1.4624e-24 2.6547e-24 5.9323e-24
3.3779e+03 1.4338e-24 2.6549e-24 5.9910e-24
3.4068e+03 1.4029e-24 2.5975e-24 5.9695e-24
3.4360e+03 1.3698e-24 2.5137e-24 5.8165e-24
3.4654e+03 1.3346e-24 2.4478e-24 5.7491e-24
3.4951e+03 1.2978e-24 2.3706e-24 5.6385e-24
3.5250e+03 1.2594e-24 2.2954e-24 5.5016e-24
3.5552e+03 1.2197e-24 2.2247e-24 5.3369e-24
3.5856e+03 1.1788e-24 2.1549e-24 5.1553e-24
3.6163e+03 1.1371e-24 2.0809e-24 4.9282e-24
3.6473e+03 1.0949e-24 1.9905e-24 4.6604e-24
3.6785e+03 1.0525e-24 1.9066e-24 4.3836e-24
3.7100e+03 1.0099e-24 1.8249e-24 4.0583e-24
3.7418e+03 9.6779e-25 1.7352e-24 3.8218e-24
3.7738e+03 9.2612e-25 1.6319e-24 3.5872e-24
3.8061e+03 8.8539e-25 1.5520e-24 3.3616e-24
3.8387e+03 8.4569e-25 1.4643e-24 3.1553e-24
3.8716e+03 8.0764e-25 1.3923e-24 2.9729e-24
3.9047e+03 7.7136e-25 1.3182e-24 2.7606e-24
3.9382e+03 7.3731e-25 1.2449e-24 2.5729e-24
3.9719e+03 7.0580e-25 1.1768e-24 2.4214e-24
4.0059e+03 6.7728e-25 1.1180e-24 2.2841e-24
4.0402e+03 6.5210e-25 1.0668e-24 2.1597e-24
4.0748e+03 6.3066e-25 1.0230e-24 2.0517e-24
4.1097e+03 6.1332e-25 9.8978e-25 1.9689e-24
4.1449e+03 6.0035e-25 9.5706e-25 1.9100e-24
4.1804e+03 5.9196e-25 9.3230e-25 1.8712e-24
4.2162e+03 5.8836e-25 9.1738e-25 1.8286e-24
4.2523e+03 5.8954e-25 9.1224e-25 1.8057e-24
4.2887e+03 5.9532e-25 9.1860e-25 1.8111e-24
4.3254e+03 6.0557e-25 9.2550e-25 1.8311e-24
4.3624e+03 6.1994e-25 9.4069e-25 1.8568e-24
4.3998e+03 6.3825e-25 9.6551e-25 1.8897e-24
4.4374e+03 6.5980e-25 9.9003e-25 1.9368e-24
4.4754e+03 6.8220e-25 1.0217e-24 1.9879e-24
4.5138e+03 7.0723e-25 1.0555e-24 2.0522e-24
4.5524e+03 7.3454e-25 1.0896e-24 2.1141e-24
4.5914e+03 7.6384e-25 1.1268e-24 2.2015e-24
4.6307e+03 7.9467e-25 1.1665e-24 2.2897e-24
4.6703e+03 8.2702e-25 1.2115e-24 2.3790e-24
4.7103e+03 8.6061e-25 1.2578e-24 2.4777e-24
4.7507e+03 8.9531e-25 1.3096e-24 2.5687e-24
4.7913e+03 9.3092e-25 1.3616e-24 2.6526e-24
4.8324e+03 9.6734e-25 1.4201e-24 2.7541e-24
4.8737e+03 1.0045e-24 1.4681e-24 2.8492e-24
4.9155e+03 1.0423e-24 1.5249e-24 2.9549e-24
4.9576e+03 1.0807e-24 1.5811e-24 3.0639e-24
5.0000e+03 1.1196e-24 1.6228e-24 3.1668e-24
