# f [Hz]   Optimal    10%        Median
1.0000e+00 inf inf inf
1.0086e+00 inf inf inf
1.0172e+00 inf inf inf
1.0259e+00 inf inf inf
1.0347e+00 inf inf inf
1.0436e+00 inf inf inf
1.0525e+00 inf inf inf
1.0615e+00 inf inf inf
1.0706e+00 inf inf inf
1.0798e+00 inf inf inf
1.0890e+00 inf inf inf
1.0983e+00 inf inf inf
1.1077e+00 inf inf inf
1.1172e+00 inf inf inf
1.1268e+00 inf inf inf
1.1364e+00 inf inf inf
1.1462e+00 inf inf inf
1.1560e+00 inf inf inf
1.1659e+00 inf inf inf
1.1758e+00 inf inf inf
1.1859e+00 inf inf inf
1.1961e+00 inf inf inf
1.2063e+00 inf inf inf
1.2166e+00 inf inf inf
1.2271e+00 inf inf inf
1.2376e+00 inf inf inf
1.2482e+00 inf inf inf
1.2588e+00 inf inf inf
1.2696e+00 inf inf inf
1.2805e+00 inf inf inf
1.2915e+00 inf inf inf
1.3025e+00 inf inf inf
1.3137e+00 inf inf inf
1.3249e+00 inf inf inf
1.3363e+00 inf inf inf
1.3477e+00 inf inf inf
1.3592e+00 inf inf inf
1.3709e+00 inf inf inf
1.3826e+00 inf inf inf
1.3945e+00 inf inf inf
1.4064e+00 inf inf inf
1.4184e+00 inf inf inf
1.4306e+00 inf inf inf
1.4428e+00 inf inf inf
1.4552e+00 inf inf inf
1.4676e+00 inf inf inf
1.4802e+00 inf inf inf
1.4929e+00 inf inf inf
1.5057e+00 inf inf inf
1.5186e+00 inf inf inf
1.5316e+00 inf inf inf
1.5447e+00 inf inf inf
1.5579e+00 inf inf inf
1.5712e+00 inf inf inf
1.5847e+00 inf inf inf
1.5983e+00 inf inf inf
1.6119e+00 inf inf inf
1.6257e+00 inf inf inf
1.6397e+00 inf inf inf
1.6537e+00 inf inf inf
1.6679e+00 inf inf inf
1.6821e+00 inf inf inf
1.6965e+00 inf inf inf
1.7111e+00 inf inf inf
1.7257e+00 inf inf inf
1.7405e+00 inf inf inf
1.7554e+00 inf inf inf
1.7704e+00 inf inf inf
1.7856e+00 inf inf inf
1.8009e+00 inf inf inf
1.8163e+00 inf inf inf
1.8318e+00 inf inf inf
1.8475e+00 inf inf inf
1.8634e+00 inf inf inf
1.8793e+00 inf inf inf
1.8954e+00 inf inf inf
1.9116e+00 inf inf inf
1.9280e+00 inf inf inf
1.9445e+00 inf inf inf
1.9612e+00 inf inf inf
1.9779e+00 inf inf inf
1.9949e+00 inf inf inf
2.0120e+00 inf inf inf
2.0292e+00 inf inf inf
2.0466e+00 inf inf inf
2.0641e+00 inf inf inf
2.0818e+00 inf inf inf
2.0996e+00 inf inf inf
2.1176e+00 inf inf inf
2.1357e+00 inf inf inf
2.1540e+00 inf inf inf
2.1724e+00 inf inf inf
2.1910e+00 inf inf inf
2.2098e+00 inf inf inf
2.2287e+00 inf inf inf
2.2478e+00 inf inf inf
2.2670e+00 inf inf inf
2.2864e+00 inf inf inf
2.3060e+00 inf inf inf
2.3258e+00 inf inf inf
2.3457e+00 inf inf inf
2.3658e+00 inf inf inf
2.3860e+00 inf inf inf
2.4064e+00 inf inf inf
2.4270e+00 inf inf inf
2.4478e+00 inf inf inf
2.4688e+00 inf inf inf
2.4899e+00 inf inf inf
2.5112e+00 inf inf inf
2.5327e+00 inf inf inf
2.5544e+00 inf inf inf
2.5763e+00 inf inf inf
2.5984e+00 inf inf inf
2.6206e+00 inf inf inf
2.6430e+00 inf inf inf
2.6657e+00 inf inf inf
2.6885e+00 inf inf inf
2.7115e+00 inf inf inf
2.7347e+00 inf inf inf
2.7582e+00 inf inf inf
2.7818e+00 inf inf inf
2.8056e+00 inf inf inf
2.8296e+00 inf inf inf
2.8538e+00 inf inf inf
2.8783e+00 inf inf inf
2.9029e+00 inf inf inf
2.9278e+00 inf inf inf
2.9528e+00 inf inf inf
2.9781e+00 inf inf inf
3.0036e+00 1.5581e-23 2.3487e-23 4.5304e-23
3.0293e+00 1.5087e-23 2.2743e-23 4.3868e-23
3.0553e+00 1.4610e-23 2.2024e-23 4.2481e-23
3.0814e+00 1.4149e-23 2.1328e-23 4.1140e-23
3.1078e+00 1.3703e-23 2.0656e-23 3.9843e-23
3.1344e+00 1.3271e-23 2.0005e-23 3.8588e-23
3.1613e+00 1.2855e-23 1.9377e-23 3.7376e-23
3.1883e+00 1.2452e-23 1.8769e-23 3.6204e-23
3.2156e+00 1.2062e-23 1.8181e-23 3.5070e-23
3.2432e+00 1.1684e-23 1.7613e-23 3.3974e-23
3.2709e+00 1.1320e-23 1.7063e-23 3.2914e-23
3.2989e+00 1.0967e-23 1.6532e-23 3.1889e-23
3.3272e+00 1.0626e-23 1.6018e-23 3.0898e-23
3.3557e+00 1.0297e-23 1.5521e-23 2.9938e-23
3.3844e+00 9.9775e-24 1.5040e-23 2.9011e-23
3.4134e+00 9.6691e-24 1.4575e-23 2.8114e-23
3.4426e+00 9.3707e-24 1.4125e-23 2.7246e-23
3.4721e+00 9.0819e-24 1.3690e-23 2.6407e-23
3.5018e+00 8.8025e-24 1.3269e-23 2.5594e-23
3.5318e+00 8.5323e-24 1.2861e-23 2.4809e-23
3.5620e+00 8.2710e-24 1.2468e-23 2.4049e-23
3.5925e+00 8.0181e-24 1.2086e-23 2.3313e-23
3.6233e+00 7.7733e-24 1.1717e-23 2.2602e-23
3.6543e+00 7.5364e-24 1.1360e-23 2.1913e-23
3.6856e+00 7.3073e-24 1.1015e-23 2.1247e-23
3.7172e+00 7.0855e-24 1.0681e-23 2.0602e-23
3.7490e+00 6.8709e-24 1.0357e-23 1.9978e-23
3.7811e+00 6.6631e-24 1.0044e-23 1.9374e-23
3.8135e+00 6.4620e-24 9.7407e-24 1.8789e-23
3.8461e+00 6.2674e-24 9.4474e-24 1.8223e-23
3.8790e+00 6.0790e-24 9.1634e-24 1.7675e-23
3.9123e+00 5.8966e-24 8.8883e-24 1.7145e-23
3.9458e+00 5.7199e-24 8.6221e-24 1.6631e-23
3.9795e+00 5.5490e-24 8.3644e-24 1.6134e-23
4.0136e+00 5.3835e-24 8.1149e-24 1.5653e-23
4.0480e+00 5.2232e-24 7.8732e-24 1.5187e-23
4.0826e+00 5.0679e-24 7.6392e-24 1.4735e-23
4.1176e+00 4.9176e-24 7.4126e-24 1.4298e-23
4.1529e+00 4.7720e-24 7.1932e-24 1.3875e-23
4.1884e+00 4.6310e-24 6.9806e-24 1.3465e-23
4.2243e+00 4.4943e-24 6.7746e-24 1.3068e-23
4.2604e+00 4.3620e-24 6.5752e-24 1.2683e-23
4.2969e+00 4.2339e-24 6.3820e-24 1.2311e-23
4.3337e+00 4.1097e-24 6.1949e-24 1.1950e-23
4.3708e+00 3.9894e-24 6.0135e-24 1.1600e-23
4.4082e+00 3.8728e-24 5.8377e-24 1.1261e-23
4.4460e+00 3.7599e-24 5.6675e-24 1.0932e-23
4.4840e+00 3.6505e-24 5.5026e-24 1.0614e-23
4.5224e+00 3.5444e-24 5.3428e-24 1.0306e-23
4.5612e+00 3.4416e-24 5.1878e-24 1.0007e-23
4.6002e+00 3.3420e-24 5.0376e-24 9.7173e-24
4.6396e+00 3.2455e-24 4.8922e-24 9.4367e-24
4.6793e+00 3.1520e-24 4.7512e-24 9.1647e-24
4.7194e+00 3.0613e-24 4.6144e-24 8.9010e-24
4.7598e+00 2.9733e-24 4.4819e-24 8.6453e-24
4.8006e+00 2.8882e-24 4.3535e-24 8.3976e-24
4.8417e+00 2.8056e-24 4.2290e-24 8.1575e-24
4.8831e+00 2.7255e-24 4.1083e-24 7.9247e-24
4.9249e+00 2.6479e-24 3.9913e-24 7.6990e-24
4.9671e+00 2.5726e-24 3.8778e-24 7.4802e-24
5.0096e+00 2.4997e-24 3.7679e-24 7.2681e-24
5.0525e+00 2.4290e-24 3.6614e-24 7.0626e-24
5.0958e+00 2.3604e-24 3.5580e-24 6.8632e-24
5.1394e+00 2.2939e-24 3.4578e-24 6.6699e-24
5.1834e+00 2.2296e-24 3.3608e-24 6.4827e-24
5.2278e+00 2.1672e-24 3.2667e-24 6.3013e-24
5.2726e+00 2.1066e-24 3.1755e-24 6.1253e-24
5.3177e+00 2.0480e-24 3.0870e-24 5.9548e-24
5.3632e+00 1.9912e-24 3.0014e-24 5.7896e-24
5.4092e+00 1.9361e-24 2.9184e-24 5.6295e-24
5.4555e+00 1.8828e-24 2.8380e-24 5.4744e-24
5.5022e+00 1.8311e-24 2.7601e-24 5.3242e-24
5.5493e+00 1.7811e-24 2.6847e-24 5.1786e-24
5.5968e+00 1.7326e-24 2.6117e-24 5.0379e-24
5.6447e+00 1.6858e-24 2.5410e-24 4.9015e-24
5.6931e+00 1.6404e-24 2.4726e-24 4.7696e-24
5.7418e+00 1.5965e-24 2.4064e-24 4.6419e-24
5.7910e+00 1.5540e-24 2.3424e-24 4.5185e-24
5.8405e+00 1.5130e-24 2.2806e-24 4.3993e-24
5.8906e+00 1.4734e-24 2.2209e-24 4.2841e-24
5.9410e+00 1.4351e-24 2.1633e-24 4.1729e-24
5.9919e+00 1.3983e-24 2.1077e-24 4.0656e-24
6.0432e+00 1.3628e-24 2.0541e-24 3.9624e-24
6.0949e+00 1.3286e-24 2.0026e-24 3.8630e-24
6.1471e+00 1.2957e-24 1.9531e-24 3.7674e-24
6.1997e+00 1.2641e-24 1.9055e-24 3.6756e-24
6.2528e+00 1.2339e-24 1.8599e-24 3.5877e-24
6.3063e+00 1.2050e-24 1.8163e-24 3.5037e-24
6.3603e+00 1.1774e-24 1.7747e-24 3.4234e-24
6.4148e+00 1.1511e-24 1.7350e-24 3.3468e-24
6.4697e+00 1.1260e-24 1.6973e-24 3.2740e-24
6.5251e+00 1.1023e-24 1.6615e-24 3.2051e-24
6.5810e+00 1.0799e-24 1.6277e-24 3.1398e-24
6.6373e+00 1.0587e-24 1.5958e-24 3.0782e-24
6.6942e+00 1.0387e-24 1.5657e-24 3.0202e-24
6.7515e+00 1.0200e-24 1.5375e-24 2.9658e-24
6.8093e+00 1.0025e-24 1.5111e-24 2.9149e-24
6.8676e+00 9.8614e-25 1.4864e-24 2.8673e-24
6.9264e+00 9.7090e-25 1.4635e-24 2.8230e-24
6.9857e+00 9.5674e-25 1.4421e-24 2.7819e-24
7.0455e+00 9.4363e-25 1.4224e-24 2.7437e-24
7.1058e+00 9.3150e-25 1.4041e-24 2.7084e-24
7.1667e+00 9.2028e-25 1.3872e-24 2.6758e-24
7.2280e+00 9.0993e-25 1.3716e-24 2.6457e-24
7.2899e+00 9.0042e-25 1.3572e-24 2.6181e-24
7.3523e+00 8.9167e-25 1.3440e-24 2.5927e-24
7.4153e+00 8.8364e-25 1.3319e-24 2.5693e-24
7.4788e+00 8.7627e-25 1.3208e-24 2.5479e-24
7.5428e+00 8.6953e-25 1.3107e-24 2.5283e-24
7.6074e+00 8.6337e-25 1.3014e-24 2.5104e-24
7.6725e+00 8.5775e-25 1.2929e-24 2.4940e-24
7.7382e+00 8.5263e-25 1.2852e-24 2.4791e-24
7.8045e+00 8.4797e-25 1.2782e-24 2.4656e-24
7.8713e+00 8.4376e-25 1.2718e-24 2.4533e-24
7.9387e+00 8.3996e-25 1.2661e-24 2.4423e-24
8.0067e+00 8.3653e-25 1.2609e-24 2.4323e-24
8.0752e+00 8.3345e-25 1.2563e-24 2.4234e-24
8.1444e+00 8.3068e-25 1.2521e-24 2.4153e-24
8.2141e+00 8.2821e-25 1.2484e-24 2.4081e-24
8.2844e+00 8.2600e-25 1.2450e-24 2.4017e-24
8.3554e+00 8.2403e-25 1.2421e-24 2.3960e-24
8.4269e+00 8.2229e-25 1.2394e-24 2.3909e-24
8.4991e+00 8.2076e-25 1.2371e-24 2.3865e-24
8.5718e+00 8.1945e-25 1.2352e-24 2.3826e-24
8.6452e+00 8.1833e-25 1.2335e-24 2.3794e-24
8.7192e+00 8.1741e-25 1.2321e-24 2.3767e-24
8.7939e+00 8.1667e-25 1.2310e-24 2.3746e-24
8.8692e+00 8.1609e-25 1.2301e-24 2.3729e-24
8.9451e+00 8.1567e-25 1.2295e-24 2.3717e-24
9.0217e+00 8.1539e-25 1.2290e-24 2.3709e-24
9.0990e+00 8.1525e-25 1.2288e-24 2.3704e-24
9.1769e+00 8.1522e-25 1.2288e-24 2.3703e-24
9.2555e+00 8.1530e-25 1.2289e-24 2.3706e-24
9.3347e+00 8.1547e-25 1.2292e-24 2.3711e-24
9.4146e+00 8.1573e-25 1.2295e-24 2.3718e-24
9.4952e+00 8.1607e-25 1.2301e-24 2.3728e-24
9.5765e+00 8.1647e-25 1.2307e-24 2.3740e-24
9.6585e+00 8.1693e-25 1.2314e-24 2.3753e-24
9.7412e+00 8.1745e-25 1.2321e-24 2.3768e-24
9.8246e+00 8.1800e-25 1.2330e-24 2.3784e-24
9.9088e+00 8.1859e-25 1.2338e-24 2.3802e-24
9.9936e+00 8.1920e-25 1.2348e-24 2.3819e-24
1.0079e+01 8.1984e-25 1.2357e-24 2.3838e-24
1.0165e+01 8.2048e-25 1.2367e-24 2.3857e-24
1.0252e+01 8.2114e-25 1.2377e-24 2.3876e-24
1.0340e+01 8.2179e-25 1.2387e-24 2.3895e-24
1.0429e+01 8.2244e-25 1.2396e-24 2.3913e-24
1.0518e+01 8.2307e-25 1.2406e-24 2.3932e-24
1.0608e+01 8.2369e-25 1.2415e-24 2.3950e-24
1.0699e+01 8.2429e-25 1.2424e-24 2.3967e-24
1.0791e+01 8.2486e-25 1.2433e-24 2.3984e-24
1.0883e+01 8.2540e-25 1.2441e-24 2.4000e-24
1.0976e+01 8.2591e-25 1.2449e-24 2.4014e-24
1.1070e+01 8.2637e-25 1.2456e-24 2.4028e-24
1.1165e+01 8.2679e-25 1.2462e-24 2.4040e-24
1.1261e+01 8.2717e-25 1.2468e-24 2.4051e-24
1.1357e+01 8.2749e-25 1.2473e-24 2.4060e-24
1.1454e+01 8.2776e-25 1.2477e-24 2.4068e-24
1.1552e+01 8.2797e-25 1.2480e-24 2.4074e-24
1.1651e+01 8.2812e-25 1.2482e-24 2.4079e-24
1.1751e+01 8.2821e-25 1.2483e-24 2.4081e-24
1.1852e+01 8.2823e-25 1.2484e-24 2.4082e-24
1.1953e+01 8.2818e-25 1.2483e-24 2.4081e-24
1.2055e+01 8.2806e-25 1.2481e-24 2.4077e-24
1.2159e+01 8.2787e-25 1.2478e-24 2.4072e-24
1.2263e+01 8.2760e-25 1.2474e-24 2.4064e-24
1.2368e+01 8.2726e-25 1.2469e-24 2.4054e-24
1.2474e+01 8.2683e-25 1.2463e-24 2.4042e-24
1.2580e+01 8.2633e-25 1.2455e-24 2.4027e-24
1.2688e+01 8.2574e-25 1.2446e-24 2.4010e-24
1.2797e+01 8.2507e-25 1.2436e-24 2.3991e-24
1.2906e+01 8.2432e-25 1.2425e-24 2.3969e-24
1.3017e+01 8.2348e-25 1.2412e-24 2.3944e-24
1.3128e+01 8.2255e-25 1.2398e-24 2.3917e-24
1.3241e+01 8.2154e-25 1.2383e-24 2.3888e-24
1.3354e+01 8.2044e-25 1.2366e-24 2.3856e-24
1.3468e+01 8.1926e-25 1.2348e-24 2.3822e-24
1.3584e+01 8.1799e-25 1.2329e-24 2.3785e-24
1.3700e+01 8.1665e-25 1.2309e-24 2.3746e-24
1.3817e+01 8.1523e-25 1.2288e-24 2.3705e-24
1.3936e+01 8.1375e-25 1.2265e-24 2.3662e-24
1.4055e+01 8.1223e-25 1.2242e-24 2.3617e-24
1.4175e+01 8.1070e-25 1.2219e-24 2.3573e-24
1.4297e+01 8.0924e-25 1.2197e-24 2.3530e-24
1.4419e+01 8.0802e-25 1.2179e-24 2.3495e-24
1.4543e+01 8.0751e-25 1.2171e-24 2.3480e-24
1.4667e+01 8.0943e-25 1.2200e-24 2.3536e-24
1.4793e+01 8.3774e-25 1.2627e-24 2.4359e-24
1.4919e+01 1.6512e-24 2.4888e-24 4.8013e-24
1.5047e+01 9.2275e-25 1.3908e-24 2.6831e-24
1.5176e+01 8.0484e-25 1.2131e-24 2.3403e-24
1.5306e+01 7.9383e-25 1.1965e-24 2.3083e-24
1.5437e+01 7.8861e-25 1.1887e-24 2.2931e-24
1.5569e+01 7.8469e-25 1.1827e-24 2.2817e-24
1.5702e+01 7.8116e-25 1.1774e-24 2.2714e-24
1.5837e+01 7.7775e-25 1.1723e-24 2.2615e-24
1.5972e+01 7.7437e-25 1.1672e-24 2.2517e-24
1.6109e+01 7.7095e-25 1.1620e-24 2.2418e-24
1.6247e+01 7.6748e-25 1.1568e-24 2.2317e-24
1.6386e+01 7.6394e-25 1.1515e-24 2.2214e-24
1.6526e+01 7.6033e-25 1.1460e-24 2.2109e-24
1.6668e+01 7.5663e-25 1.1405e-24 2.2002e-24
1.6811e+01 7.5286e-25 1.1348e-24 2.1892e-24
1.6955e+01 7.4901e-25 1.1290e-24 2.1780e-24
1.7100e+01 7.4508e-25 1.1230e-24 2.1666e-24
1.7246e+01 7.4107e-25 1.1170e-24 2.1549e-24
1.7394e+01 7.3698e-25 1.1108e-24 2.1430e-24
1.7543e+01 7.3282e-25 1.1046e-24 2.1309e-24
1.7693e+01 7.2859e-25 1.0982e-24 2.1186e-24
1.7844e+01 7.2430e-25 1.0917e-24 2.1061e-24
1.7997e+01 7.1994e-25 1.0851e-24 2.0935e-24
1.8151e+01 7.1552e-25 1.0785e-24 2.0806e-24
1.8307e+01 7.1105e-25 1.0717e-24 2.0676e-24
1.8464e+01 7.0653e-25 1.0649e-24 2.0545e-24
1.8622e+01 7.0197e-25 1.0581e-24 2.0412e-24
1.8781e+01 6.9738e-25 1.0511e-24 2.0279e-24
1.8942e+01 6.9276e-25 1.0442e-24 2.0145e-24
1.9104e+01 6.8814e-25 1.0372e-24 2.0010e-24
1.9268e+01 6.8351e-25 1.0302e-24 1.9876e-24
1.9433e+01 6.7891e-25 1.0233e-24 1.9742e-24
1.9599e+01 6.7436e-25 1.0164e-24 1.9610e-24
1.9767e+01 6.6989e-25 1.0097e-24 1.9480e-24
1.9936e+01 6.6557e-25 1.0032e-24 1.9354e-24
2.0107e+01 6.6151e-25 9.9708e-25 1.9236e-24
2.0279e+01 6.5793e-25 9.9168e-25 1.9132e-24
2.0452e+01 6.5534e-25 9.8779e-25 1.9057e-24
2.0628e+01 6.5519e-25 9.8755e-25 1.9053e-24
2.0804e+01 6.6327e-25 9.9973e-25 1.9287e-24
2.0982e+01 7.2590e-25 1.0941e-24 2.1109e-24
2.1162e+01 1.3677e-24 2.0615e-24 3.9773e-24
2.1343e+01 8.3391e-25 1.2569e-24 2.4250e-24
2.1526e+01 6.4085e-25 9.6594e-25 1.8636e-24
2.1710e+01 6.2568e-25 9.4308e-25 1.8195e-24
2.1896e+01 6.1789e-25 9.3133e-25 1.7968e-24
2.2084e+01 6.1235e-25 9.2298e-25 1.7807e-24
2.2273e+01 6.0777e-25 9.1608e-25 1.7674e-24
2.2463e+01 6.0376e-25 9.1004e-25 1.7557e-24
2.2656e+01 6.0016e-25 9.0461e-25 1.7453e-24
2.2850e+01 5.9691e-25 8.9970e-25 1.7358e-24
2.3045e+01 5.9397e-25 8.9528e-25 1.7273e-24
2.3243e+01 5.9134e-25 8.9131e-25 1.7196e-24
2.3442e+01 5.8901e-25 8.8781e-25 1.7129e-24
2.3642e+01 5.8701e-25 8.8479e-25 1.7070e-24
2.3845e+01 5.8533e-25 8.8226e-25 1.7022e-24
2.4049e+01 5.8399e-25 8.8023e-25 1.6983e-24
2.4255e+01 5.8298e-25 8.7871e-25 1.6953e-24
2.4463e+01 5.8231e-25 8.7771e-25 1.6934e-24
2.4672e+01 5.8200e-25 8.7725e-25 1.6925e-24
2.4883e+01 5.8204e-25 8.7730e-25 1.6926e-24
2.5096e+01 5.8243e-25 8.7788e-25 1.6937e-24
2.5311e+01 5.8315e-25 8.7897e-25 1.6959e-24
2.5528e+01 5.8421e-25 8.8056e-25 1.6989e-24
2.5747e+01 5.8559e-25 8.8265e-25 1.7030e-24
2.5967e+01 5.8728e-25 8.8520e-25 1.7079e-24
2.6189e+01 5.8926e-25 8.8819e-25 1.7136e-24
2.6414e+01 5.9152e-25 8.9158e-25 1.7202e-24
2.6640e+01 5.9403e-25 8.9537e-25 1.7275e-24
2.6868e+01 5.9676e-25 8.9949e-25 1.7355e-24
2.7098e+01 5.9971e-25 9.0393e-25 1.7440e-24
2.7330e+01 6.0283e-25 9.0863e-25 1.7531e-24
2.7564e+01 6.0610e-25 9.1356e-25 1.7626e-24
2.7800e+01 6.0949e-25 9.1868e-25 1.7725e-24
2.8038e+01 6.1298e-25 9.2393e-25 1.7827e-24
2.8278e+01 6.1652e-25 9.2928e-25 1.7930e-24
2.8520e+01 6.2009e-25 9.3466e-25 1.8034e-24
2.8764e+01 6.2365e-25 9.4003e-25 1.8137e-24
2.9011e+01 6.2717e-25 9.4533e-25 1.8240e-24
2.9259e+01 6.3061e-25 9.5052e-25 1.8340e-24
2.9509e+01 6.3394e-25 9.5554e-25 1.8437e-24
2.9762e+01 6.3712e-25 9.6032e-25 1.8529e-24
3.0017e+01 6.4011e-25 9.6482e-25 1.8616e-24
3.0274e+01 6.4287e-25 9.6900e-25 1.8697e-24
3.0533e+01 6.4539e-25 9.7278e-25 1.8770e-24
3.0795e+01 6.4761e-25 9.7614e-25 1.8835e-24
3.1058e+01 6.4952e-25 9.7901e-25 1.8890e-24
3.1324e+01 6.5108e-25 9.8137e-25 1.8936e-24
3.1592e+01 6.5228e-25 9.8317e-25 1.8971e-24
3.1863e+01 6.5309e-25 9.8440e-25 1.8994e-24
3.2136e+01 6.5350e-25 9.8501e-25 1.9006e-24
3.2411e+01 6.5349e-25 9.8500e-25 1.9006e-24
3.2688e+01 6.5306e-25 9.8436e-25 1.8994e-24
3.2968e+01 6.5222e-25 9.8308e-25 1.8969e-24
3.3251e+01 6.5095e-25 9.8117e-25 1.8932e-24
3.3535e+01 6.4926e-25 9.7862e-25 1.8883e-24
3.3822e+01 6.4716e-25 9.7546e-25 1.8822e-24
3.4112e+01 6.4467e-25 9.7170e-25 1.8750e-24
3.4404e+01 6.4180e-25 9.6738e-25 1.8667e-24
3.4699e+01 6.3856e-25 9.6250e-25 1.8573e-24
3.4996e+01 6.3499e-25 9.5711e-25 1.8469e-24
3.5295e+01 6.3110e-25 9.5125e-25 1.8356e-24
3.5598e+01 6.2691e-25 9.4494e-25 1.8234e-24
3.5902e+01 6.2246e-25 9.3823e-25 1.8104e-24
3.6210e+01 6.1775e-25 9.3114e-25 1.7968e-24
3.6520e+01 6.1283e-25 9.2372e-25 1.7825e-24
3.6832e+01 6.0772e-25 9.1601e-25 1.7676e-24
3.7148e+01 6.0243e-25 9.0804e-25 1.7522e-24
3.7466e+01 5.9700e-25 8.9985e-25 1.7364e-24
3.7787e+01 5.9144e-25 8.9148e-25 1.7203e-24
3.8110e+01 5.8578e-25 8.8295e-25 1.7038e-24
3.8437e+01 5.8004e-25 8.7430e-25 1.6871e-24
3.8766e+01 5.7424e-25 8.6555e-25 1.6703e-24
3.9098e+01 5.6839e-25 8.5674e-25 1.6533e-24
3.9432e+01 5.6252e-25 8.4789e-25 1.6362e-24
3.9770e+01 5.5664e-25 8.3902e-25 1.6191e-24
4.0110e+01 5.5076e-25 8.3016e-25 1.6020e-24
4.0454e+01 5.4490e-25 8.2133e-25 1.5850e-24
4.0800e+01 5.3906e-25 8.1253e-25 1.5680e-24
4.1150e+01 5.3327e-25 8.0380e-25 1.5512e-24
4.1502e+01 5.2752e-25 7.9513e-25 1.5344e-24
4.1857e+01 5.2183e-25 7.8655e-25 1.5179e-24
4.2216e+01 5.1620e-25 7.7807e-25 1.5015e-24
4.2577e+01 5.1065e-25 7.6970e-25 1.4854e-24
4.2942e+01 5.0516e-25 7.6144e-25 1.4694e-24
4.3309e+01 4.9976e-25 7.5330e-25 1.4537e-24
4.3680e+01 4.9445e-25 7.4529e-25 1.4383e-24
4.4054e+01 4.8923e-25 7.3742e-25 1.4231e-24
4.4431e+01 4.8410e-25 7.2968e-25 1.4082e-24
4.4812e+01 4.7906e-25 7.2209e-25 1.3935e-24
4.5195e+01 4.7413e-25 7.1466e-25 1.3792e-24
4.5582e+01 4.6943e-25 7.0758e-25 1.3656e-24
4.5973e+01 4.6460e-25 7.0029e-25 1.3515e-24
4.6366e+01 4.5986e-25 6.9316e-25 1.3377e-24
4.6763e+01 4.5530e-25 6.8627e-25 1.3245e-24
4.7164e+01 4.5084e-25 6.7955e-25 1.3115e-24
4.7568e+01 4.4648e-25 6.7298e-25 1.2988e-24
4.7975e+01 4.4221e-25 6.6655e-25 1.2864e-24
4.8386e+01 4.3805e-25 6.6027e-25 1.2743e-24
4.8800e+01 4.3397e-25 6.5413e-25 1.2625e-24
4.9218e+01 4.3000e-25 6.4814e-25 1.2509e-24
4.9639e+01 4.2611e-25 6.4228e-25 1.2396e-24
5.0064e+01 4.2231e-25 6.3656e-25 1.2286e-24
5.0493e+01 4.1861e-25 6.3097e-25 1.2178e-24
5.0925e+01 4.1499e-25 6.2552e-25 1.2073e-24
5.1361e+01 4.1146e-25 6.2019e-25 1.1970e-24
5.1801e+01 4.0801e-25 6.1500e-25 1.1870e-24
5.2244e+01 4.0464e-25 6.0992e-25 1.1772e-24
5.2692e+01 4.0136e-25 6.0497e-25 1.1676e-24
5.3143e+01 3.9815e-25 6.0014e-25 1.1583e-24
5.3598e+01 3.9502e-25 5.9542e-25 1.1492e-24
5.4057e+01 3.9196e-25 5.9081e-25 1.1403e-24
5.4520e+01 3.8898e-25 5.8632e-25 1.1317e-24
5.4987e+01 3.8607e-25 5.8193e-25 1.1232e-24
5.5457e+01 3.8323e-25 5.7765e-25 1.1150e-24
5.5932e+01 3.8045e-25 5.7346e-25 1.1069e-24
5.6411e+01 3.7774e-25 5.6938e-25 1.0990e-24
5.6894e+01 3.7510e-25 5.6539e-25 1.0913e-24
5.7381e+01 3.7251e-25 5.6149e-25 1.0838e-24
5.7872e+01 3.6999e-25 5.5769e-25 1.0765e-24
5.8368e+01 3.6752e-25 5.5397e-25 1.0693e-24
5.8868e+01 3.6511e-25 5.5034e-25 1.0623e-24
5.9372e+01 3.6276e-25 5.4679e-25 1.0555e-24
5.9880e+01 3.6045e-25 5.4332e-25 1.0488e-24
6.0393e+01 3.5820e-25 5.3993e-25 1.0422e-24
6.0910e+01 3.5600e-25 5.3661e-25 1.0358e-24
6.1431e+01 3.5385e-25 5.3337e-25 1.0296e-24
6.1957e+01 3.5175e-25 5.3020e-25 1.0235e-24
6.2488e+01 3.4969e-25 5.2709e-25 1.0175e-24
6.3023e+01 3.4767e-25 5.2405e-25 1.0116e-24
6.3563e+01 3.4570e-25 5.2108e-25 1.0059e-24
6.4107e+01 3.4377e-25 5.1817e-25 1.0003e-24
6.4656e+01 3.4188e-25 5.1532e-25 9.9478e-25
6.5209e+01 3.4002e-25 5.1253e-25 9.8939e-25
6.5768e+01 3.3821e-25 5.0979e-25 9.8412e-25
6.6331e+01 3.3643e-25 5.0711e-25 9.7895e-25
6.6899e+01 3.3468e-25 5.0448e-25 9.7389e-25
6.7471e+01 3.3297e-25 5.0190e-25 9.6892e-25
6.8049e+01 3.3130e-25 4.9937e-25 9.6404e-25
6.8632e+01 3.2965e-25 4.9689e-25 9.5927e-25
6.9219e+01 3.2804e-25 4.9446e-25 9.5458e-25
6.9812e+01 3.2645e-25 4.9207e-25 9.4998e-25
7.0410e+01 3.2490e-25 4.8973e-25 9.4546e-25
7.1013e+01 3.2337e-25 4.8743e-25 9.4102e-25
7.1621e+01 3.2187e-25 4.8517e-25 9.3666e-25
7.2234e+01 3.2040e-25 4.8295e-25 9.3238e-25
7.2852e+01 3.1895e-25 4.8076e-25 9.2818e-25
7.3476e+01 3.1752e-25 4.7862e-25 9.2404e-25
7.4105e+01 3.1612e-25 4.7651e-25 9.1997e-25
7.4740e+01 3.1475e-25 4.7443e-25 9.1598e-25
7.5380e+01 3.1339e-25 4.7239e-25 9.1205e-25
7.6025e+01 3.1206e-25 4.7038e-25 9.0818e-25
7.6676e+01 3.1075e-25 4.6841e-25 9.0437e-25
7.7333e+01 3.0946e-25 4.6646e-25 9.0062e-25
7.7995e+01 3.0819e-25 4.6455e-25 8.9693e-25
7.8663e+01 3.0694e-25 4.6266e-25 8.9330e-25
7.9336e+01 3.0570e-25 4.6080e-25 8.8972e-25
8.0015e+01 3.0449e-25 4.5897e-25 8.8620e-25
8.0701e+01 3.0329e-25 4.5717e-25 8.8273e-25
8.1392e+01 3.0211e-25 4.5539e-25 8.7931e-25
8.2088e+01 3.0095e-25 4.5363e-25 8.7594e-25
8.2791e+01 2.9980e-25 4.5190e-25 8.7261e-25
8.3500e+01 2.9867e-25 4.5020e-25 8.6934e-25
8.4215e+01 2.9755e-25 4.4852e-25 8.6610e-25
8.4936e+01 2.9645e-25 4.4686e-25 8.6291e-25
8.5663e+01 2.9537e-25 4.4522e-25 8.5976e-25
8.6397e+01 2.9429e-25 4.4360e-25 8.5666e-25
8.7137e+01 2.9323e-25 4.4201e-25 8.5359e-25
8.7883e+01 2.9219e-25 4.4043e-25 8.5056e-25
8.8635e+01 2.9116e-25 4.3888e-25 8.4757e-25
8.9394e+01 2.9014e-25 4.3734e-25 8.4462e-25
9.0159e+01 2.8913e-25 4.3582e-25 8.4171e-25
9.0931e+01 2.8814e-25 4.3432e-25 8.3883e-25
9.1710e+01 2.8715e-25 4.3284e-25 8.3598e-25
9.2495e+01 2.8618e-25 4.3138e-25 8.3317e-25
9.3287e+01 2.8522e-25 4.2993e-25 8.3039e-25
9.4086e+01 2.8427e-25 4.2850e-25 8.2764e-25
9.4891e+01 2.8333e-25 4.2709e-25 8.2493e-25
9.5704e+01 2.8241e-25 4.2569e-25 8.2224e-25
9.6523e+01 2.8149e-25 4.2431e-25 8.1959e-25
9.7350e+01 2.8058e-25 4.2294e-25 8.1696e-25
9.8183e+01 2.7969e-25 4.2159e-25 8.1437e-25
9.9024e+01 2.7880e-25 4.2025e-25 8.1180e-25
9.9872e+01 2.7792e-25 4.1893e-25 8.0926e-25
1.0073e+02 2.7705e-25 4.1762e-25 8.0675e-25
1.0159e+02 2.7619e-25 4.1633e-25 8.0427e-25
1.0246e+02 2.7534e-25 4.1505e-25 8.0181e-25
1.0334e+02 2.7450e-25 4.1378e-25 7.9938e-25
1.0422e+02 2.7367e-25 4.1252e-25 7.9697e-25
1.0511e+02 2.7285e-25 4.1128e-25 7.9459e-25
1.0601e+02 2.7203e-25 4.1006e-25 7.9223e-25
1.0692e+02 2.7122e-25 4.0884e-25 7.8990e-25
1.0784e+02 2.7043e-25 4.0764e-25 7.8759e-25
1.0876e+02 2.6964e-25 4.0644e-25 7.8531e-25
1.0969e+02 2.6885e-25 4.0527e-25 7.8305e-25
1.1063e+02 2.6808e-25 4.0410e-25 7.8081e-25
1.1158e+02 2.6731e-25 4.0294e-25 7.7859e-25
1.1253e+02 2.6655e-25 4.0180e-25 7.7640e-25
1.1350e+02 2.6580e-25 4.0067e-25 7.7423e-25
1.1447e+02 2.6506e-25 3.9955e-25 7.7208e-25
1.1545e+02 2.6432e-25 3.9844e-25 7.6996e-25
1.1644e+02 2.6359e-25 3.9734e-25 7.6785e-25
1.1743e+02 2.6287e-25 3.9625e-25 7.6576e-25
1.1844e+02 2.6216e-25 3.9517e-25 7.6368e-25
1.1945e+02 2.6145e-25 3.9411e-25 7.6163e-25
1.2048e+02 2.6075e-25 3.9305e-25 7.5959e-25
1.2151e+02 2.6006e-25 3.9201e-25 7.5757e-25
1.2255e+02 2.5937e-25 3.9097e-25 7.5558e-25
1.2360e+02 2.5869e-25 3.8995e-25 7.5360e-25
1.2466e+02 2.5802e-25 3.8894e-25 7.5165e-25
1.2572e+02 2.5735e-25 3.8793e-25 7.4971e-25
1.2680e+02 2.5669e-25 3.8694e-25 7.4780e-25
1.2789e+02 2.5604e-25 3.8596e-25 7.4590e-25
1.2898e+02 2.5539e-25 3.8498e-25 7.4403e-25
1.3008e+02 2.5475e-25 3.8402e-25 7.4217e-25
1.3120e+02 2.5412e-25 3.8307e-25 7.4033e-25
1.3232e+02 2.5350e-25 3.8212e-25 7.3851e-25
1.3345e+02 2.5288e-25 3.8119e-25 7.3671e-25
1.3460e+02 2.5226e-25 3.8027e-25 7.3493e-25
1.3575e+02 2.5166e-25 3.7935e-25 7.3317e-25
1.3691e+02 2.5106e-25 3.7845e-25 7.3143e-25
1.3808e+02 2.5047e-25 3.7756e-25 7.2970e-25
1.3927e+02 2.4988e-25 3.7667e-25 7.2800e-25
1.4046e+02 2.4930e-25 3.7580e-25 7.2631e-25
1.4166e+02 2.4872e-25 3.7493e-25 7.2464e-25
1.4287e+02 2.4816e-25 3.7408e-25 7.2299e-25
1.4410e+02 2.4760e-25 3.7323e-25 7.2136e-25
1.4533e+02 2.4704e-25 3.7240e-25 7.1975e-25
1.4658e+02 2.4649e-25 3.7157e-25 7.1816e-25
1.4783e+02 2.4595e-25 3.7075e-25 7.1658e-25
1.4910e+02 2.4541e-25 3.6995e-25 7.1503e-25
1.5037e+02 2.4488e-25 3.6915e-25 7.1349e-25
1.5166e+02 2.4436e-25 3.6836e-25 7.1197e-25
1.5296e+02 2.4385e-25 3.6758e-25 7.1047e-25
1.5427e+02 2.4334e-25 3.6681e-25 7.0899e-25
1.5559e+02 2.4283e-25 3.6605e-25 7.0753e-25
1.5692e+02 2.4233e-25 3.6531e-25 7.0608e-25
1.5827e+02 2.4184e-25 3.6457e-25 7.0466e-25
1.5962e+02 2.4136e-25 3.6384e-25 7.0325e-25
1.6099e+02 2.4088e-25 3.6312e-25 7.0187e-25
1.6237e+02 2.4041e-25 3.6241e-25 7.0050e-25
1.6376e+02 2.3994e-25 3.6170e-25 6.9915e-25
1.6516e+02 2.3949e-25 3.6101e-25 6.9782e-25
1.6657e+02 2.3903e-25 3.6033e-25 6.9650e-25
1.6800e+02 2.3859e-25 3.5966e-25 6.9521e-25
1.6944e+02 2.3815e-25 3.5900e-25 6.9394e-25
1.7089e+02 2.3772e-25 3.5835e-25 6.9268e-25
1.7235e+02 2.3729e-25 3.5771e-25 6.9145e-25
1.7383e+02 2.3687e-25 3.5708e-25 6.9023e-25
1.7532e+02 2.3646e-25 3.5645e-25 6.8903e-25
1.7682e+02 2.3605e-25 3.5584e-25 6.8786e-25
1.7833e+02 2.3565e-25 3.5524e-25 6.8670e-25
1.7986e+02 2.3526e-25 3.5465e-25 6.8556e-25
1.8140e+02 2.3488e-25 3.5407e-25 6.8444e-25
1.8295e+02 2.3450e-25 3.5350e-25 6.8334e-25
1.8452e+02 2.3412e-25 3.5294e-25 6.8227e-25
1.8610e+02 2.3376e-25 3.5239e-25 6.8121e-25
1.8769e+02 2.3340e-25 3.5185e-25 6.8017e-25
1.8930e+02 2.3305e-25 3.5132e-25 6.7915e-25
1.9092e+02 2.3271e-25 3.5080e-25 6.7816e-25
1.9255e+02 2.3237e-25 3.5029e-25 6.7718e-25
1.9420e+02 2.3204e-25 3.4980e-25 6.7622e-25
1.9586e+02 2.3172e-25 3.4931e-25 6.7529e-25
1.9754e+02 2.3140e-25 3.4884e-25 6.7437e-25
1.9923e+02 2.3109e-25 3.4837e-25 6.7348e-25
2.0094e+02 2.3079e-25 3.4792e-25 6.7261e-25
2.0266e+02 2.3050e-25 3.4747e-25 6.7176e-25
2.0439e+02 2.3021e-25 3.4704e-25 6.7093e-25
2.0614e+02 2.2993e-25 3.4662e-25 6.7012e-25
2.0791e+02 2.2966e-25 3.4621e-25 6.6933e-25
2.0969e+02 2.2940e-25 3.4582e-25 6.6855e-25
2.1148e+02 2.2914e-25 3.4543e-25 6.6780e-25
2.1330e+02 2.2889e-25 3.4506e-25 6.6707e-25
2.1512e+02 2.2865e-25 3.4470e-25 6.6636e-25
2.1696e+02 2.2841e-25 3.4435e-25 6.6568e-25
2.1882e+02 2.2819e-25 3.4401e-25 6.6501e-25
2.2069e+02 2.2797e-25 3.4369e-25 6.6437e-25
2.2258e+02 2.2776e-25 3.4337e-25 6.6376e-25
2.2449e+02 2.2756e-25 3.4307e-25 6.6317e-25
2.2641e+02 2.2737e-25 3.4278e-25 6.6260e-25
2.2835e+02 2.2718e-25 3.4250e-25 6.6207e-25
2.3031e+02 2.2700e-25 3.4224e-25 6.6155e-25
2.3228e+02 2.2683e-25 3.4199e-25 6.6106e-25
2.3427e+02 2.2667e-25 3.4175e-25 6.6059e-25
2.3627e+02 2.2652e-25 3.4152e-25 6.6015e-25
2.3830e+02 2.2638e-25 3.4130e-25 6.5974e-25
2.4034e+02 2.2624e-25 3.4110e-25 6.5934e-25
2.4239e+02 2.2611e-25 3.4091e-25 6.5898e-25
2.4447e+02 2.2600e-25 3.4074e-25 6.5864e-25
2.4656e+02 2.2589e-25 3.4058e-25 6.5832e-25
2.4867e+02 2.2579e-25 3.4043e-25 6.5803e-25
2.5080e+02 2.2570e-25 3.4029e-25 6.5777e-25
2.5295e+02 2.2561e-25 3.4017e-25 6.5753e-25
2.5512e+02 2.2554e-25 3.4007e-25 6.5732e-25
2.5730e+02 2.2548e-25 3.3997e-25 6.5714e-25
2.5950e+02 2.2542e-25 3.3989e-25 6.5698e-25
2.6173e+02 2.2538e-25 3.3982e-25 6.5685e-25
2.6397e+02 2.2534e-25 3.3976e-25 6.5675e-25
2.6623e+02 2.2531e-25 3.3972e-25 6.5667e-25
2.6851e+02 2.2530e-25 3.3970e-25 6.5662e-25
2.7080e+02 2.2529e-25 3.3969e-25 6.5661e-25
2.7312e+02 2.2529e-25 3.3969e-25 6.5662e-25
2.7546e+02 2.2530e-25 3.3971e-25 6.5666e-25
2.7782e+02 2.2533e-25 3.3975e-25 6.5672e-25
2.8020e+02 2.2536e-25 3.3980e-25 6.5682e-25
2.8260e+02 2.2540e-25 3.3986e-25 6.5695e-25
2.8502e+02 2.2545e-25 3.3994e-25 6.5710e-25
2.8746e+02 2.2552e-25 3.4004e-25 6.5729e-25
2.8992e+02 2.2559e-25 3.4015e-25 6.5751e-25
2.9240e+02 2.2567e-25 3.4027e-25 6.5776e-25
2.9491e+02 2.2577e-25 3.4042e-25 6.5804e-25
2.9743e+02 2.2587e-25 3.4058e-25 6.5835e-25
2.9998e+02 2.2599e-25 3.4075e-25 6.5869e-25
3.0255e+02 2.2612e-25 3.4095e-25 6.5905e-25
3.0514e+02 2.2625e-25 3.4116e-25 6.5945e-25
3.0775e+02 2.2640e-25 3.4138e-25 6.5987e-25
3.1038e+02 2.2656e-25 3.4162e-25 6.6033e-25
3.1304e+02 2.2674e-25 3.4188e-25 6.6082e-25
3.1572e+02 2.2692e-25 3.4216e-25 6.6135e-25
3.1842e+02 2.2711e-25 3.4246e-25 6.6191e-25
3.2115e+02 2.2732e-25 3.4277e-25 6.6250e-25
3.2390e+02 2.2754e-25 3.4310e-25 6.6315e-25
3.2667e+02 2.2777e-25 3.4345e-25 6.6383e-25
3.2947e+02 2.2801e-25 3.4381e-25 6.6454e-25
3.3229e+02 2.2827e-25 3.4420e-25 6.6530e-25
3.3514e+02 2.2853e-25 3.4460e-25 6.6608e-25
3.3801e+02 2.2881e-25 3.4502e-25 6.6691e-25
3.4090e+02 2.2910e-25 3.4546e-25 6.6777e-25
3.4382e+02 2.2941e-25 3.4592e-25 6.6867e-25
3.4676e+02 2.2972e-25 3.4640e-25 6.6960e-25
3.4973e+02 2.3005e-25 3.4690e-25 6.7057e-25
3.5273e+02 2.3040e-25 3.4742e-25 6.7158e-25
3.5575e+02 2.3075e-25 3.4795e-25 6.7263e-25
3.5879e+02 2.3112e-25 3.4851e-25 6.7372e-25
3.6187e+02 2.3151e-25 3.4909e-25 6.7485e-25
3.6496e+02 2.3190e-25 3.4969e-25 6.7602e-25
3.6809e+02 2.3231e-25 3.5031e-25 6.7723e-25
3.7124e+02 2.3274e-25 3.5095e-25 6.7848e-25
3.7442e+02 2.3318e-25 3.5161e-25 6.7977e-25
3.7762e+02 2.3363e-25 3.5230e-25 6.8111e-25
3.8086e+02 2.3410e-25 3.5301e-25 6.8249e-25
3.8412e+02 2.3459e-25 3.5374e-25 6.8392e-25
3.8741e+02 2.3509e-25 3.5450e-25 6.8539e-25
3.9072e+02 2.3561e-25 3.5529e-25 6.8693e-25
3.9407e+02 2.3615e-25 3.5611e-25 6.8852e-25
3.9744e+02 2.3672e-25 3.5697e-25 6.9019e-25
4.0085e+02 2.3732e-25 3.5788e-25 6.9194e-25
4.0428e+02 2.3797e-25 3.5887e-25 6.9381e-25
4.0774e+02 2.3872e-25 3.6001e-25 6.9596e-25
4.1123e+02 2.3972e-25 3.6152e-25 6.9885e-25
4.1475e+02 2.4179e-25 3.6464e-25 7.0485e-25
4.1830e+02 2.6375e-25 3.9777e-25 7.6882e-25
4.2189e+02 2.6849e-25 4.0495e-25 7.8261e-25
4.2550e+02 2.4360e-25 3.6742e-25 7.1001e-25
4.2914e+02 2.4279e-25 3.6623e-25 7.0765e-25
4.3282e+02 2.4309e-25 3.6669e-25 7.0846e-25
4.3652e+02 2.4363e-25 3.6753e-25 7.1001e-25
4.4026e+02 2.4427e-25 3.6852e-25 7.1184e-25
4.4403e+02 2.4496e-25 3.6958e-25 7.1382e-25
4.4783e+02 2.4568e-25 3.7069e-25 7.1589e-25
4.5166e+02 2.4643e-25 3.7185e-25 7.1804e-25
4.5553e+02 2.4720e-25 3.7299e-25 7.2025e-25
4.5943e+02 2.4799e-25 3.7417e-25 7.2252e-25
4.6337e+02 2.4880e-25 3.7537e-25 7.2484e-25
4.6733e+02 2.4963e-25 3.7661e-25 7.2724e-25
4.7133e+02 2.5048e-25 3.7786e-25 7.2968e-25
4.7537e+02 2.5134e-25 3.7915e-25 7.3218e-25
4.7944e+02 2.5222e-25 3.8046e-25 7.3473e-25
4.8355e+02 2.5312e-25 3.8180e-25 7.3734e-25
4.8769e+02 2.5404e-25 3.8316e-25 7.4001e-25
4.9186e+02 2.5497e-25 3.8457e-25 7.4274e-25
4.9607e+02 2.5593e-25 3.8600e-25 7.4553e-25
5.0032e+02 2.5690e-25 3.8747e-25 7.4837e-25
5.0460e+02 2.5789e-25 3.8896e-25 7.5127e-25
5.0892e+02 2.5889e-25 3.9048e-25 7.5422e-25
5.1328e+02 2.5992e-25 3.9203e-25 7.5723e-25
5.1768e+02 2.6096e-25 3.9360e-25 7.6031e-25
5.2211e+02 2.6203e-25 3.9521e-25 7.6344e-25
5.2658e+02 2.6311e-25 3.9684e-25 7.6657e-25
5.3109e+02 2.6421e-25 3.9850e-25 7.6974e-25
5.3564e+02 2.6533e-25 4.0019e-25 7.7298e-25
5.4022e+02 2.6647e-25 4.0190e-25 7.7626e-25
5.4485e+02 2.6763e-25 4.0365e-25 7.7961e-25
5.4951e+02 2.6880e-25 4.0543e-25 7.8300e-25
5.5422e+02 2.7000e-25 4.0723e-25 7.8646e-25
5.5896e+02 2.7122e-25 4.0907e-25 7.8997e-25
5.6375e+02 2.7245e-25 4.1094e-25 7.9354e-25
5.6858e+02 2.7371e-25 4.1285e-25 7.9717e-25
5.7344e+02 2.7499e-25 4.1478e-25 8.0085e-25
5.7835e+02 2.7628e-25 4.1674e-25 8.0459e-25
5.8331e+02 2.7760e-25 4.1874e-25 8.0839e-25
5.8830e+02 2.7894e-25 4.2076e-25 8.1225e-25
5.9334e+02 2.8029e-25 4.2282e-25 8.1617e-25
5.9842e+02 2.8167e-25 4.2492e-25 8.2020e-25
6.0354e+02 2.8307e-25 4.2708e-25 8.2434e-25
6.0871e+02 2.8449e-25 4.2927e-25 8.2854e-25
6.1392e+02 2.8594e-25 4.3150e-25 8.3281e-25
6.1918e+02 2.8740e-25 4.3375e-25 8.3714e-25
6.2448e+02 2.8888e-25 4.3605e-25 8.4153e-25
6.2983e+02 2.9039e-25 4.3837e-25 8.4599e-25
6.3522e+02 2.9192e-25 4.4073e-25 8.5052e-25
6.4066e+02 2.9347e-25 4.4313e-25 8.5510e-25
6.4614e+02 2.9504e-25 4.4555e-25 8.5976e-25
6.5168e+02 2.9663e-25 4.4802e-25 8.6448e-25
6.5726e+02 2.9825e-25 4.5052e-25 8.6927e-25
6.6288e+02 2.9989e-25 4.5306e-25 8.7412e-25
6.6856e+02 3.0155e-25 4.5563e-25 8.7904e-25
6.7428e+02 3.0324e-25 4.5824e-25 8.8403e-25
6.8006e+02 3.0494e-25 4.6088e-25 8.8909e-25
6.8588e+02 3.0667e-25 4.6356e-25 8.9422e-25
6.9175e+02 3.0843e-25 4.6628e-25 8.9941e-25
6.9767e+02 3.1021e-25 4.6903e-25 9.0468e-25
7.0365e+02 3.1201e-25 4.7182e-25 9.0994e-25
7.0967e+02 3.1383e-25 4.7456e-25 9.1527e-25
7.1575e+02 3.1568e-25 4.7733e-25 9.2066e-25
7.2188e+02 3.1755e-25 4.8014e-25 9.2613e-25
7.2806e+02 3.1945e-25 4.8298e-25 9.3167e-25
7.3429e+02 3.2137e-25 4.8586e-25 9.3722e-25
7.4058e+02 3.2332e-25 4.8878e-25 9.4285e-25
7.4692e+02 3.2529e-25 4.9173e-25 9.4855e-25
7.5332e+02 3.2729e-25 4.9472e-25 9.5432e-25
7.5977e+02 3.2931e-25 4.9774e-25 9.6016e-25
7.6627e+02 3.3135e-25 5.0087e-25 9.6608e-25
7.7283e+02 3.3342e-25 5.0405e-25 9.7206e-25
7.7945e+02 3.3552e-25 5.0726e-25 9.7812e-25
7.8612e+02 3.3765e-25 5.1052e-25 9.8426e-25
7.9285e+02 3.3979e-25 5.1382e-25 9.9047e-25
7.9964e+02 3.4197e-25 5.1716e-25 9.9676e-25
8.0649e+02 3.4417e-25 5.2054e-25 1.0031e-24
8.1339e+02 3.4640e-25 5.2396e-25 1.0096e-24
8.2036e+02 3.4866e-25 5.2743e-25 1.0161e-24
8.2738e+02 3.5096e-25 5.3095e-25 1.0227e-24
8.3447e+02 3.5335e-25 5.3463e-25 1.0297e-24
8.4161e+02 3.5938e-25 5.4380e-25 1.0473e-24
8.4882e+02 3.5799e-25 5.4175e-25 1.0433e-24
8.5608e+02 3.6035e-25 5.4538e-25 1.0502e-24
8.6341e+02 3.6276e-25 5.4908e-25 1.0572e-24
8.7081e+02 3.6521e-25 5.5284e-25 1.0644e-24
8.7826e+02 3.6768e-25 5.5665e-25 1.0717e-24
8.8578e+02 3.7018e-25 5.6050e-25 1.0790e-24
8.9337e+02 3.7272e-25 5.6439e-25 1.0864e-24
9.0102e+02 3.7528e-25 5.6834e-25 1.0939e-24
9.0873e+02 3.7787e-25 5.7233e-25 1.1015e-24
9.1651e+02 3.8049e-25 5.7637e-25 1.1092e-24
9.2436e+02 3.8314e-25 5.8045e-25 1.1170e-24
9.3227e+02 3.8582e-25 5.8458e-25 1.1248e-24
9.4026e+02 3.8853e-25 5.8876e-25 1.1328e-24
9.4831e+02 3.9127e-25 5.9299e-25 1.1408e-24
9.5643e+02 3.9404e-25 5.9726e-25 1.1489e-24
9.6462e+02 3.9684e-25 6.0158e-25 1.1572e-24
9.7287e+02 3.9967e-25 6.0595e-25 1.1655e-24
9.8120e+02 4.0254e-25 6.1037e-25 1.1739e-24
9.8961e+02 4.0543e-25 6.1484e-25 1.1824e-24
9.9808e+02 4.0836e-25 6.1936e-25 1.1911e-24
1.0066e+03 4.1132e-25 6.2393e-25 1.1999e-24
1.0152e+03 4.1431e-25 6.2855e-25 1.2088e-24
1.0239e+03 4.1733e-25 6.3322e-25 1.2177e-24
1.0327e+03 4.2039e-25 6.3795e-25 1.2267e-24
1.0415e+03 4.2348e-25 6.4272e-25 1.2357e-24
1.0505e+03 4.2660e-25 6.4755e-25 1.2449e-24
1.0595e+03 4.2976e-25 6.5243e-25 1.2541e-24
1.0685e+03 4.3295e-25 6.5737e-25 1.2634e-24
1.0777e+03 4.3617e-25 6.6236e-25 1.2729e-24
1.0869e+03 4.3943e-25 6.6740e-25 1.2824e-24
1.0962e+03 4.4272e-25 6.7251e-25 1.2921e-24
1.1056e+03 4.4605e-25 6.7766e-25 1.3018e-24
1.1151e+03 4.4941e-25 6.8288e-25 1.3116e-24
1.1246e+03 4.5281e-25 6.8815e-25 1.3216e-24
1.1342e+03 4.5624e-25 6.9348e-25 1.3316e-24
1.1440e+03 4.5971e-25 6.9886e-25 1.3418e-24
1.1537e+03 4.6322e-25 7.0431e-25 1.3521e-24
1.1636e+03 4.6676e-25 7.0981e-25 1.3623e-24
1.1736e+03 4.7034e-25 7.1537e-25 1.3726e-24
1.1836e+03 4.7396e-25 7.2099e-25 1.3831e-24
1.1938e+03 4.7761e-25 7.2660e-25 1.3936e-24
1.2040e+03 4.8130e-25 7.3218e-25 1.4043e-24
1.2143e+03 4.8503e-25 7.3782e-25 1.4151e-24
1.2247e+03 4.8880e-25 7.4352e-25 1.4261e-24
1.2352e+03 4.9261e-25 7.4927e-25 1.4371e-24
1.2458e+03 4.9646e-25 7.5509e-25 1.4482e-24
1.2564e+03 5.0039e-25 7.6103e-25 1.4597e-24
1.2672e+03 5.0429e-25 7.6691e-25 1.4710e-24
1.2780e+03 5.0824e-25 7.7288e-25 1.4827e-24
1.2890e+03 5.1225e-25 7.7894e-25 1.4946e-24
1.3000e+03 5.1630e-25 7.8505e-25 1.5066e-24
1.3111e+03 5.2039e-25 7.9123e-25 1.5187e-24
1.3224e+03 5.2452e-25 7.9747e-25 1.5310e-24
1.3337e+03 5.2870e-25 8.0377e-25 1.5434e-24
1.3451e+03 5.3291e-25 8.1013e-25 1.5559e-24
1.3566e+03 5.3717e-25 8.1657e-25 1.5686e-24
1.3682e+03 5.4148e-25 8.2306e-25 1.5814e-24
1.3800e+03 5.4582e-25 8.2962e-25 1.5943e-24
1.3918e+03 5.5022e-25 8.3625e-25 1.6072e-24
1.4037e+03 5.5465e-25 8.4294e-25 1.6201e-24
1.4157e+03 5.5913e-25 8.4970e-25 1.6331e-24
1.4278e+03 5.6366e-25 8.5653e-25 1.6465e-24
1.4401e+03 5.6823e-25 8.6343e-25 1.6601e-24
1.4524e+03 5.7285e-25 8.7040e-25 1.6737e-24
1.4648e+03 5.7752e-25 8.7744e-25 1.6876e-24
1.4774e+03 5.8223e-25 8.8454e-25 1.7015e-24
1.4900e+03 5.8699e-25 8.9172e-25 1.7151e-24
1.5028e+03 5.9180e-25 8.9897e-25 1.7289e-24
1.5156e+03 5.9666e-25 9.0630e-25 1.7429e-24
1.5286e+03 6.0157e-25 9.1370e-25 1.7570e-24
1.5417e+03 6.0652e-25 9.2117e-25 1.7715e-24
1.5549e+03 6.1153e-25 9.2871e-25 1.7864e-24
1.5682e+03 6.1659e-25 9.3634e-25 1.8014e-24
1.5816e+03 6.2171e-25 9.4405e-25 1.8168e-24
1.5952e+03 6.2687e-25 9.5183e-25 1.8326e-24
1.6088e+03 6.3209e-25 9.5969e-25 1.8485e-24
1.6226e+03 6.3736e-25 9.6762e-25 1.8644e-24
1.6365e+03 6.4268e-25 9.7578e-25 1.8804e-24
1.6505e+03 6.4806e-25 9.8406e-25 1.8966e-24
1.6647e+03 6.5349e-25 9.9243e-25 1.9129e-24
1.6789e+03 6.5901e-25 1.0009e-24 1.9288e-24
1.6933e+03 6.6452e-25 1.0094e-24 1.9447e-24
1.7078e+03 6.7011e-25 1.0181e-24 1.9609e-24
1.7224e+03 6.7577e-25 1.0268e-24 1.9772e-24
1.7372e+03 6.8148e-25 1.0356e-24 1.9937e-24
1.7520e+03 6.8725e-25 1.0445e-24 2.0104e-24
1.7670e+03 6.9308e-25 1.0535e-24 2.0272e-24
1.7822e+03 6.9896e-25 1.0626e-24 2.0443e-24
1.7974e+03 7.0491e-25 1.0717e-24 2.0618e-24
1.8128e+03 7.1092e-25 1.0810e-24 2.0794e-24
1.8283e+03 7.1699e-25 1.0904e-24 2.0973e-24
1.8440e+03 7.2312e-25 1.0999e-24 2.1153e-24
1.8598e+03 7.2932e-25 1.1094e-24 2.1336e-24
1.8757e+03 7.3557e-25 1.1191e-24 2.1520e-24
1.8918e+03 7.4189e-25 1.1289e-24 2.1706e-24
1.9080e+03 7.4828e-25 1.1388e-24 2.1894e-24
1.9243e+03 7.5473e-25 1.1488e-24 2.2088e-24
1.9408e+03 7.6125e-25 1.1588e-24 2.2283e-24
1.9574e+03 7.6786e-25 1.1691e-24 2.2481e-24
1.9741e+03 7.7453e-25 1.1794e-24 2.2681e-24
1.9910e+03 7.8127e-25 1.1898e-24 2.2878e-24
2.0081e+03 7.8809e-25 1.2004e-24 2.3077e-24
2.0253e+03 7.9497e-25 1.2111e-24 2.3279e-24
2.0426e+03 8.0192e-25 1.2218e-24 2.3482e-24
2.0601e+03 8.0895e-25 1.2328e-24 2.3687e-24
2.0778e+03 8.1605e-25 1.2439e-24 2.3894e-24
2.0955e+03 8.2374e-25 1.2558e-24 2.4119e-24
2.1135e+03 8.3046e-25 1.2663e-24 2.4315e-24
2.1316e+03 8.3779e-25 1.2778e-24 2.4530e-24
2.1498e+03 8.4518e-25 1.2893e-24 2.4753e-24
2.1682e+03 8.5266e-25 1.3010e-24 2.4980e-24
2.1868e+03 8.6021e-25 1.3128e-24 2.5210e-24
2.2055e+03 8.6785e-25 1.3247e-24 2.5442e-24
2.2244e+03 8.7556e-25 1.3368e-24 2.5674e-24
2.2435e+03 8.8336e-25 1.3490e-24 2.5904e-24
2.2627e+03 8.9123e-25 1.3612e-24 2.6132e-24
2.2820e+03 8.9919e-25 1.3733e-24 2.6360e-24
2.3016e+03 9.0724e-25 1.3855e-24 2.6594e-24
2.3213e+03 9.1537e-25 1.3979e-24 2.6840e-24
2.3412e+03 9.2359e-25 1.4103e-24 2.7088e-24
2.3612e+03 9.3190e-25 1.4230e-24 2.7334e-24
2.3814e+03 9.4029e-25 1.4357e-24 2.7581e-24
2.4018e+03 9.4878e-25 1.4486e-24 2.7831e-24
2.4224e+03 9.5735e-25 1.4616e-24 2.8083e-24
2.4431e+03 9.6602e-25 1.4748e-24 2.8339e-24
2.4640e+03 9.7479e-25 1.4880e-24 2.8597e-24
2.4851e+03 9.8365e-25 1.5015e-24 2.8858e-24
2.5064e+03 9.9261e-25 1.5150e-24 2.9128e-24
2.5279e+03 1.0017e-24 1.5286e-24 2.9392e-24
2.5495e+03 1.0108e-24 1.5425e-24 2.9671e-24
2.5714e+03 1.0201e-24 1.5564e-24 2.9956e-24
2.5934e+03 1.0294e-24 1.5705e-24 3.0228e-24
2.6156e+03 1.0389e-24 1.5848e-24 3.0509e-24
2.6380e+03 1.0485e-24 1.5992e-24 3.0784e-24
2.6606e+03 1.0581e-24 1.6138e-24 3.1055e-24
2.6833e+03 1.0679e-24 1.6285e-24 3.1337e-24
2.7063e+03 1.0778e-24 1.6434e-24 3.1638e-24
2.7295e+03 1.0878e-24 1.6585e-24 3.1946e-24
2.7529e+03 1.0979e-24 1.6737e-24 3.2255e-24
2.7764e+03 1.1082e-24 1.6891e-24 3.2554e-24
2.8002e+03 1.1185e-24 1.7047e-24 3.2858e-24
2.8242e+03 1.1290e-24 1.7205e-24 3.3174e-24
2.8484e+03 1.1396e-24 1.7364e-24 3.3494e-24
2.8727e+03 1.1503e-24 1.7525e-24 3.3810e-24
2.8973e+03 1.1611e-24 1.7688e-24 3.4128e-24
2.9221e+03 1.1721e-24 1.7853e-24 3.4451e-24
2.9472e+03 1.1832e-24 1.8020e-24 3.4779e-24
2.9724e+03 1.1944e-24 1.8189e-24 3.5119e-24
2.9978e+03 1.2057e-24 1.8359e-24 3.5464e-24
3.0235e+03 1.2172e-24 1.8532e-24 3.5805e-24
3.0494e+03 1.2288e-24 1.8707e-24 3.6145e-24
3.0755e+03 1.2406e-24 1.8883e-24 3.6490e-24
3.1018e+03 1.2525e-24 1.9062e-24 3.6839e-24
3.1284e+03 1.2645e-24 1.9243e-24 3.7192e-24
3.1552e+03 1.2767e-24 1.9426e-24 3.7550e-24
3.1822e+03 1.2891e-24 1.9611e-24 3.7912e-24
3.2095e+03 1.3016e-24 1.9799e-24 3.8279e-24
3.2369e+03 1.3142e-24 1.9999e-24 3.8650e-24
3.2646e+03 1.3270e-24 2.0204e-24 3.9026e-24
3.2926e+03 1.3399e-24 2.0412e-24 3.9407e-24
3.3208e+03 1.3531e-24 2.0623e-24 3.9792e-24
3.3492e+03 1.3663e-24 2.0836e-24 4.0182e-24
3.3779e+03 1.3798e-24 2.1053e-24 4.0593e-24
3.4068e+03 1.3934e-24 2.1272e-24 4.1001e-24
3.4360e+03 1.4072e-24 2.1477e-24 4.1392e-24
3.4654e+03 1.4212e-24 2.1683e-24 4.1799e-24
3.4951e+03 1.4353e-24 2.1891e-24 4.2211e-24
3.5250e+03 1.4496e-24 2.2102e-24 4.2619e-24
3.5552e+03 1.4642e-24 2.2316e-24 4.3027e-24
3.5856e+03 1.4789e-24 2.2532e-24 4.3441e-24
3.6163e+03 1.4938e-24 2.2751e-24 4.3864e-24
3.6473e+03 1.5089e-24 2.2973e-24 4.4296e-24
3.6785e+03 1.5242e-24 2.3197e-24 4.4734e-24
3.7100e+03 1.5397e-24 2.3428e-24 4.5177e-24
3.7418e+03 1.5554e-24 2.3673e-24 4.5641e-24
3.7738e+03 1.5713e-24 2.3937e-24 4.6123e-24
3.8061e+03 1.5874e-24 2.4205e-24 4.6617e-24
3.8387e+03 1.6038e-24 2.4476e-24 4.7118e-24
3.8716e+03 1.6203e-24 2.4752e-24 4.7627e-24
3.9047e+03 1.6372e-24 2.5033e-24 4.8137e-24
3.9382e+03 1.6542e-24 2.5317e-24 4.8630e-24
3.9719e+03 1.6715e-24 2.5608e-24 4.9122e-24
4.0059e+03 1.6890e-24 2.5904e-24 4.9637e-24
4.0402e+03 1.7068e-24 2.6205e-24 5.0188e-24
4.0748e+03 1.7248e-24 2.6496e-24 5.0729e-24
4.1097e+03 1.7431e-24 2.6787e-24 5.1265e-24
4.1449e+03 1.7616e-24 2.7082e-24 5.1833e-24
4.1804e+03 1.7805e-24 2.7382e-24 5.2388e-24
4.2162e+03 1.7996e-24 2.7686e-24 5.2975e-24
4.2523e+03 1.8189e-24 2.7995e-24 5.3533e-24
4.2887e+03 1.8386e-24 2.8321e-24 5.4071e-24
4.3254e+03 1.8586e-24 2.8661e-24 5.4612e-24
4.3624e+03 1.8788e-24 2.9007e-24 5.5216e-24
4.3998e+03 1.8994e-24 2.9359e-24 5.5838e-24
4.4374e+03 1.9203e-24 2.9717e-24 5.6440e-24
4.4754e+03 1.9415e-24 3.0082e-24 5.7055e-24
4.5138e+03 1.9630e-24 3.0422e-24 5.7719e-24
4.5524e+03 1.9849e-24 3.0763e-24 5.8368e-24
4.5914e+03 2.0071e-24 3.1108e-24 5.9072e-24
4.6307e+03 2.0296e-24 3.1459e-24 5.9795e-24
4.6703e+03 2.0525e-24 3.1816e-24 6.0516e-24
4.7103e+03 2.0758e-24 3.2179e-24 6.1245e-24
4.7507e+03 2.0995e-24 3.2547e-24 6.1932e-24
4.7913e+03 2.1236e-24 3.2922e-24 6.2672e-24
4.8324e+03 2.1480e-24 3.3305e-24 6.3401e-24
4.8737e+03 2.1729e-24 3.3695e-24 6.4155e-24
4.9155e+03 2.1981e-24 3.4107e-24 6.4931e-24
4.9576e+03 2.2238e-24 3.4542e-24 6.5665e-24
5.0000e+03 2.2500e-24 3.4985e-24 6.6479e-24
