# f [Hz]   Optimal    10%        Median
1.0000e+00 1.0591e-19 1.6047e-19 3.0898e-19
1.0086e+00 1.0591e-19 1.6047e-19 3.0898e-19
1.0172e+00 1.0591e-19 1.6047e-19 3.0898e-19
1.0259e+00 1.0591e-19 1.6047e-19 3.0898e-19
1.0347e+00 1.0591e-19 1.6047e-19 3.0898e-19
1.0436e+00 1.0591e-19 1.6047e-19 3.0898e-19
1.0525e+00 1.0591e-19 1.6047e-19 3.0898e-19
1.0615e+00 1.0591e-19 1.6047e-19 3.0898e-19
1.0706e+00 1.0591e-19 1.6047e-19 3.0898e-19
1.0798e+00 1.0591e-19 1.6047e-19 3.0898e-19
1.0890e+00 1.0591e-19 1.6047e-19 3.0898e-19
1.0983e+00 1.0591e-19 1.6047e-19 3.0898e-19
1.1077e+00 1.0591e-19 1.6047e-19 3.0898e-19
1.1172e+00 1.0591e-19 1.6047e-19 3.0898e-19
1.1268e+00 1.0591e-19 1.6047e-19 3.0898e-19
1.1364e+00 1.0591e-19 1.6047e-19 3.0898e-19
1.1462e+00 1.0591e-19 1.6047e-19 3.0898e-19
1.1560e+00 1.0591e-19 1.6047e-19 3.0898e-19
1.1659e+00 1.0591e-19 1.6047e-19 3.0898e-19
1.1758e+00 1.0591e-19 1.6047e-19 3.0898e-19
1.1859e+00 1.0591e-19 1.6047e-19 3.0898e-19
1.1961e+00 1.0591e-19 1.6047e-19 3.0898e-19
1.2063e+00 1.0591e-19 1.6047e-19 3.0898e-19
1.2166e+00 1.0591e-19 1.6047e-19 3.0898e-19
1.2271e+00 1.0591e-19 1.6047e-19 3.0898e-19
1.2376e+00 1.0591e-19 1.6047e-19 3.0898e-19
1.2482e+00 1.0591e-19 1.6047e-19 3.0898e-19
1.2588e+00 1.0591e-19 1.6047e-19 3.0898e-19
1.2696e+00 1.0591e-19 1.6047e-19 3.0898e-19
1.2805e+00 1.0591e-19 1.6047e-19 3.0898e-19
1.2915e+00 1.0591e-19 1.6047e-19 3.0898e-19
1.3025e+00 1.0591e-19 1.6047e-19 3.0898e-19
1.3137e+00 1.0591e-19 1.6047e-19 3.0898e-19
1.3249e+00 1.0591e-19 1.6047e-19 3.0898e-19
1.3363e+00 1.0591e-19 1.6047e-19 3.0898e-19
1.3477e+00 1.0591e-19 1.6047e-19 3.0898e-19
1.3592e+00 1.0591e-19 1.6047e-19 3.0898e-19
1.3709e+00 1.0591e-19 1.6047e-19 3.0898e-19
1.3826e+00 1.0591e-19 1.6047e-19 3.0898e-19
1.3945e+00 1.0591e-19 1.6047e-19 3.0898e-19
1.4064e+00 1.0591e-19 1.6047e-19 3.0898e-19
1.4184e+00 1.0591e-19 1.6047e-19 3.0898e-19
1.4306e+00 1.0591e-19 1.6047e-19 3.0898e-19
1.4428e+00 1.0591e-19 1.6047e-19 3.0898e-19
1.4552e+00 1.0591e-19 1.6047e-19 3.0898e-19
1.4676e+00 1.0591e-19 1.6047e-19 3.0898e-19
1.4802e+00 1.0591e-19 1.6047e-19 3.0898e-19
1.4929e+00 1.0591e-19 1.6047e-19 3.0898e-19
1.5057e+00 1.0591e-19 1.6047e-19 3.0898e-19
1.5186e+00 1.0591e-19 1.6047e-19 3.0898e-19
1.5316e+00 1.0591e-19 1.6047e-19 3.0898e-19
1.5447e+00 1.0591e-19 1.6047e-19 3.0898e-19
1.5579e+00 1.0591e-19 1.6047e-19 3.0898e-19
1.5712e+00 1.0591e-19 1.6047e-19 3.0898e-19
1.5847e+00 1.0591e-19 1.6047e-19 3.0898e-19
1.5983e+00 1.0591e-19 1.6047e-19 3.0898e-19
1.6119e+00 1.0591e-19 1.6047e-19 3.0898e-19
1.6257e+00 1.0591e-19 1.6047e-19 3.0898e-19
1.6397e+00 1.0591e-19 1.6047e-19 3.0898e-19
1.6537e+00 1.0591e-19 1.6047e-19 3.0898e-19
1.6679e+00 1.0591e-19 1.6047e-19 3.0898e-19
1.6821e+00 1.0591e-19 1.6047e-19 3.0898e-19
1.6965e+00 1.0591e-19 1.6047e-19 3.0898e-19
1.7111e+00 1.0591e-19 1.6047e-19 3.0898e-19
1.7257e+00 1.0591e-19 1.6047e-19 3.0898e-19
1.7405e+00 1.0591e-19 1.6047e-19 3.0898e-19
1.7554e+00 1.0591e-19 1.6047e-19 3.0898e-19
1.7704e+00 1.0591e-19 1.6047e-19 3.0898e-19
1.7856e+00 1.0591e-19 1.6047e-19 3.0898e-19
1.8009e+00 1.0591e-19 1.6047e-19 3.0898e-19
1.8163e+00 1.0591e-19 1.6047e-19 3.0898e-19
1.8318e+00 1.0591e-19 1.6047e-19 3.0898e-19
1.8475e+00 1.0591e-19 1.6047e-19 3.0898e-19
1.8634e+00 1.0591e-19 1.6047e-19 3.0898e-19
1.8793e+00 1.0591e-19 1.6047e-19 3.0898e-19
1.8954e+00 1.0591e-19 1.6047e-19 3.0898e-19
1.9116e+00 1.0591e-19 1.6047e-19 3.0898e-19
1.9280e+00 1.0591e-19 1.6047e-19 3.0898e-19
1.9445e+00 1.0591e-19 1.6047e-19 3.0898e-19
1.9612e+00 1.0591e-19 1.6047e-19 3.0898e-19
1.9779e+00 1.0591e-19 1.6047e-19 3.0898e-19
1.9949e+00 1.0591e-19 1.6047e-19 3.0898e-19
2.0120e+00 1.0591e-19 1.6047e-19 3.0898e-19
2.0292e+00 1.0591e-19 1.6047e-19 3.0898e-19
2.0466e+00 1.0591e-19 1.6047e-19 3.0898e-19
2.0641e+00 1.0591e-19 1.6047e-19 3.0898e-19
2.0818e+00 1.0591e-19 1.6047e-19 3.0898e-19
2.0996e+00 1.0591e-19 1.6047e-19 3.0898e-19
2.1176e+00 1.0591e-19 1.6047e-19 3.0898e-19
2.1357e+00 1.0591e-19 1.6047e-19 3.0898e-19
2.1540e+00 1.0591e-19 1.6047e-19 3.0898e-19
2.1724e+00 1.0591e-19 1.6047e-19 3.0898e-19
2.1910e+00 1.0591e-19 1.6047e-19 3.0898e-19
2.2098e+00 1.0591e-19 1.6047e-19 3.0898e-19
2.2287e+00 1.0591e-19 1.6047e-19 3.0898e-19
2.2478e+00 1.0591e-19 1.6047e-19 3.0898e-19
2.2670e+00 1.0591e-19 1.6047e-19 3.0898e-19
2.2864e+00 1.0591e-19 1.6047e-19 3.0898e-19
2.3060e+00 1.0591e-19 1.6047e-19 3.0898e-19
2.3258e+00 1.0591e-19 1.6047e-19 3.0898e-19
2.3457e+00 1.0591e-19 1.6047e-19 3.0898e-19
2.3658e+00 1.0591e-19 1.6047e-19 3.0898e-19
2.3860e+00 1.0591e-19 1.6047e-19 3.0898e-19
2.4064e+00 1.0591e-19 1.6047e-19 3.0898e-19
2.4270e+00 1.0591e-19 1.6047e-19 3.0898e-19
2.4478e+00 1.0591e-19 1.6047e-19 3.0898e-19
2.4688e+00 1.0591e-19 1.6047e-19 3.0898e-19
2.4899e+00 1.0591e-19 1.6047e-19 3.0898e-19
2.5112e+00 1.0591e-19 1.6047e-19 3.0898e-19
2.5327e+00 1.0591e-19 1.6047e-19 3.0898e-19
2.5544e+00 1.0591e-19 1.6047e-19 3.0898e-19
2.5763e+00 1.0591e-19 1.6047e-19 3.0898e-19
2.5984e+00 1.0591e-19 1.6047e-19 3.0898e-19
2.6206e+00 1.0591e-19 1.6047e-19 3.0898e-19
2.6430e+00 1.0591e-19 1.6047e-19 3.0898e-19
2.6657e+00 1.0591e-19 1.6047e-19 3.0898e-19
2.6885e+00 1.0591e-19 1.6047e-19 3.0898e-19
2.7115e+00 1.0591e-19 1.6047e-19 3.0898e-19
2.7347e+00 1.0591e-19 1.6047e-19 3.0898e-19
2.7582e+00 1.0591e-19 1.6047e-19 3.0898e-19
2.7818e+00 1.0591e-19 1.6047e-19 3.0898e-19
2.8056e+00 1.0591e-19 1.6047e-19 3.0898e-19
2.8296e+00 1.0591e-19 1.6047e-19 3.0898e-19
2.8538e+00 1.0591e-19 1.6047e-19 3.0898e-19
2.8783e+00 1.0591e-19 1.6047e-19 3.0898e-19
2.9029e+00 1.0591e-19 1.6047e-19 3.0898e-19
2.9278e+00 1.0591e-19 1.6047e-19 3.0898e-19
2.9528e+00 1.0591e-19 1.6047e-19 3.0898e-19
2.9781e+00 1.0591e-19 1.6047e-19 3.0898e-19
3.0036e+00 1.0591e-19 1.6047e-19 3.0898e-19
3.0293e+00 1.0591e-19 1.6047e-19 3.0898e-19
3.0553e+00 1.0591e-19 1.6047e-19 3.0898e-19
3.0814e+00 1.0591e-19 1.6047e-19 3.0898e-19
3.1078e+00 1.0591e-19 1.6047e-19 3.0898e-19
3.1344e+00 1.0591e-19 1.6047e-19 3.0898e-19
3.1613e+00 1.0591e-19 1.6047e-19 3.0898e-19
3.1883e+00 1.0591e-19 1.6047e-19 3.0898e-19
3.2156e+00 1.0591e-19 1.6047e-19 3.0898e-19
3.2432e+00 1.0591e-19 1.6047e-19 3.0898e-19
3.2709e+00 1.0591e-19 1.6047e-19 3.0898e-19
3.2989e+00 1.0591e-19 1.6047e-19 3.0898e-19
3.3272e+00 1.0591e-19 1.6047e-19 3.0898e-19
3.3557e+00 1.0591e-19 1.6047e-19 3.0898e-19
3.3844e+00 1.0591e-19 1.6047e-19 3.0898e-19
3.4134e+00 1.0591e-19 1.6047e-19 3.0898e-19
3.4426e+00 1.0591e-19 1.6047e-19 3.0898e-19
3.4721e+00 1.0591e-19 1.6047e-19 3.0898e-19
3.5018e+00 1.0591e-19 1.6047e-19 3.0898e-19
3.5318e+00 1.0591e-19 1.6047e-19 3.0898e-19
3.5620e+00 1.0591e-19 1.6047e-19 3.0898e-19
3.5925e+00 1.0591e-19 1.6047e-19 3.0898e-19
3.6233e+00 1.0591e-19 1.6047e-19 3.0898e-19
3.6543e+00 1.0591e-19 1.6047e-19 3.0898e-19
3.6856e+00 1.0591e-19 1.6047e-19 3.0898e-19
3.7172e+00 1.0591e-19 1.6047e-19 3.0898e-19
3.7490e+00 1.0591e-19 1.6047e-19 3.0898e-19
3.7811e+00 1.0591e-19 1.6047e-19 3.0898e-19
3.8135e+00 1.0591e-19 1.6047e-19 3.0898e-19
3.8461e+00 1.0591e-19 1.6047e-19 3.0898e-19
3.8790e+00 1.0591e-19 1.6047e-19 3.0898e-19
3.9123e+00 1.0591e-19 1.6047e-19 3.0898e-19
3.9458e+00 1.0591e-19 1.6047e-19 3.0898e-19
3.9795e+00 1.0591e-19 1.6047e-19 3.0898e-19
4.0136e+00 1.0591e-19 1.6047e-19 3.0898e-19
4.0480e+00 1.0591e-19 1.6047e-19 3.0898e-19
4.0826e+00 1.0591e-19 1.6047e-19 3.0898e-19
4.1176e+00 1.0591e-19 1.6047e-19 3.0898e-19
4.1529e+00 1.0591e-19 1.6047e-19 3.0898e-19
4.1884e+00 1.0591e-19 1.6047e-19 3.0898e-19
4.2243e+00 1.0591e-19 1.6047e-19 3.0898e-19
4.2604e+00 1.0591e-19 1.6047e-19 3.0898e-19
4.2969e+00 1.0591e-19 1.6047e-19 3.0898e-19
4.3337e+00 1.0591e-19 1.6047e-19 3.0898e-19
4.3708e+00 1.0591e-19 1.6047e-19 3.0898e-19
4.4082e+00 1.0591e-19 1.6047e-19 3.0898e-19
4.4460e+00 1.0591e-19 1.6047e-19 3.0898e-19
4.4840e+00 1.0591e-19 1.6047e-19 3.0898e-19
4.5224e+00 1.0591e-19 1.6047e-19 3.0898e-19
4.5612e+00 1.0591e-19 1.6047e-19 3.0898e-19
4.6002e+00 1.0591e-19 1.6047e-19 3.0898e-19
4.6396e+00 1.0591e-19 1.6047e-19 3.0898e-19
4.6793e+00 1.0591e-19 1.6047e-19 3.0898e-19
4.7194e+00 1.0591e-19 1.6047e-19 3.0898e-19
4.7598e+00 1.0591e-19 1.6047e-19 3.0898e-19
4.8006e+00 1.0591e-19 1.6047e-19 3.0898e-19
4.8417e+00 1.0591e-19 1.6047e-19 3.0898e-19
4.8831e+00 1.0591e-19 1.6047e-19 3.0898e-19
4.9249e+00 1.0591e-19 1.6047e-19 3.0898e-19
4.9671e+00 1.0591e-19 1.6047e-19 3.0898e-19
5.0096e+00 1.7675e-20 2.6781e-20 5.1566e-20
5.0525e+00 1.6210e-20 2.4562e-20 4.7293e-20
5.0958e+00 1.4917e-20 2.2603e-20 4.3520e-20
5.1394e+00 1.3784e-20 2.0886e-20 4.0215e-20
5.1834e+00 1.2821e-20 1.9426e-20 3.7403e-20
5.2278e+00 1.2054e-20 1.8265e-20 3.5168e-20
5.2726e+00 1.1539e-20 1.7484e-20 3.3664e-20
5.3177e+00 1.1435e-20 1.7326e-20 3.3360e-20
5.3632e+00 1.2140e-20 1.8395e-20 3.5417e-20
5.4092e+00 1.5046e-20 2.2797e-20 4.3894e-20
5.4555e+00 3.0872e-20 4.6777e-20 9.0066e-20
5.5022e+00 1.1944e-19 1.8098e-19 3.4847e-19
5.5493e+00 1.4769e-20 2.2378e-20 4.3087e-20
5.5968e+00 8.7504e-21 1.3259e-20 2.5529e-20
5.6447e+00 6.5262e-21 9.8885e-21 1.9040e-20
5.6931e+00 5.3636e-21 8.1269e-21 1.5648e-20
5.7418e+00 4.6106e-21 6.9861e-21 1.3451e-20
5.7910e+00 4.0570e-21 6.1471e-21 1.1836e-20
5.8405e+00 3.6194e-21 5.4841e-21 1.0559e-20
5.8906e+00 3.2547e-21 4.9316e-21 9.4955e-21
5.9410e+00 2.9423e-21 4.4582e-21 8.5840e-21
5.9919e+00 2.6705e-21 4.0463e-21 7.7910e-21
6.0432e+00 2.4295e-21 3.6811e-21 7.0878e-21
6.0949e+00 2.2141e-21 3.3549e-21 6.4596e-21
6.1471e+00 2.0213e-21 3.0627e-21 5.8969e-21
6.1997e+00 1.8473e-21 2.7990e-21 5.3892e-21
6.2528e+00 1.6899e-21 2.5605e-21 4.9301e-21
6.3063e+00 1.5472e-21 2.3443e-21 4.5139e-21
6.3603e+00 1.4176e-21 2.1479e-21 4.1356e-21
6.4148e+00 1.2996e-21 1.9691e-21 3.7914e-21
6.4697e+00 1.1921e-21 1.8063e-21 3.4780e-21
6.5251e+00 1.0943e-21 1.6581e-21 3.1925e-21
6.5810e+00 1.0049e-21 1.5227e-21 2.9318e-21
6.6373e+00 9.2319e-22 1.3988e-21 2.6933e-21
6.6942e+00 8.4858e-22 1.2858e-21 2.4757e-21
6.7515e+00 7.8042e-22 1.1825e-21 2.2768e-21
6.8093e+00 7.1799e-22 1.0879e-21 2.0947e-21
6.8676e+00 6.6089e-22 1.0014e-21 1.9281e-21
6.9264e+00 6.0860e-22 9.2215e-22 1.7755e-21
6.9857e+00 5.6071e-22 8.4959e-22 1.6358e-21
7.0455e+00 5.1684e-22 7.8311e-22 1.5078e-21
7.1058e+00 4.7657e-22 7.2211e-22 1.3904e-21
7.1667e+00 4.3967e-22 6.6619e-22 1.2827e-21
7.2280e+00 4.0586e-22 6.1496e-22 1.1841e-21
7.2899e+00 3.7482e-22 5.6793e-22 1.0935e-21
7.3523e+00 3.4631e-22 5.2473e-22 1.0103e-21
7.4153e+00 3.2017e-22 4.8512e-22 9.3407e-22
7.4788e+00 2.9616e-22 4.4875e-22 8.6404e-22
7.5428e+00 2.7412e-22 4.1535e-22 7.9972e-22
7.6074e+00 2.5387e-22 3.8466e-22 7.4064e-22
7.6725e+00 2.3523e-22 3.5642e-22 6.8626e-22
7.7382e+00 2.1814e-22 3.3053e-22 6.3642e-22
7.8045e+00 2.0243e-22 3.0672e-22 5.9057e-22
7.8713e+00 1.8796e-22 2.8480e-22 5.4836e-22
7.9387e+00 1.7468e-22 2.6467e-22 5.0961e-22
8.0067e+00 1.6244e-22 2.4613e-22 4.7390e-22
8.0752e+00 1.5118e-22 2.2907e-22 4.4105e-22
8.1444e+00 1.4083e-22 2.1338e-22 4.1085e-22
8.2141e+00 1.3128e-22 1.9892e-22 3.8300e-22
8.2844e+00 1.2250e-22 1.8562e-22 3.5739e-22
8.3554e+00 1.1442e-22 1.7337e-22 3.3381e-22
8.4269e+00 1.0696e-22 1.6207e-22 3.1205e-22
8.4991e+00 1.0010e-22 1.5168e-22 2.9204e-22
8.5718e+00 9.3772e-23 1.4208e-22 2.7357e-22
8.6452e+00 8.7930e-23 1.3323e-22 2.5653e-22
8.7192e+00 8.2544e-23 1.2507e-22 2.4082e-22
8.7939e+00 7.7571e-23 1.1754e-22 2.2630e-22
8.8692e+00 7.2981e-23 1.1058e-22 2.1292e-22
8.9451e+00 6.8738e-23 1.0415e-22 2.0054e-22
9.0217e+00 6.4817e-23 9.8211e-23 1.8910e-22
9.0990e+00 6.1188e-23 9.2713e-23 1.7851e-22
9.1769e+00 5.7832e-23 8.7628e-23 1.6872e-22
9.2555e+00 5.4722e-23 8.2915e-23 1.5965e-22
9.3347e+00 5.1843e-23 7.8554e-23 1.5125e-22
9.4146e+00 4.9170e-23 7.4503e-23 1.4345e-22
9.4952e+00 4.6687e-23 7.0741e-23 1.3621e-22
9.5765e+00 4.4385e-23 6.7252e-23 1.2949e-22
9.6585e+00 4.2239e-23 6.4001e-23 1.2323e-22
9.7412e+00 4.0243e-23 6.0977e-23 1.1741e-22
9.8246e+00 3.8383e-23 5.8159e-23 1.1198e-22
9.9088e+00 3.6648e-23 5.5529e-23 1.0692e-22
9.9936e+00 3.5028e-23 5.3075e-23 1.0219e-22
1.0079e+01 3.3510e-23 5.0775e-23 9.7762e-23
1.0165e+01 3.2090e-23 4.8624e-23 9.3621e-23
1.0252e+01 3.0772e-23 4.6626e-23 8.9775e-23
1.0340e+01 2.9525e-23 4.4736e-23 8.6135e-23
1.0429e+01 2.8358e-23 4.2968e-23 8.2731e-23
1.0518e+01 2.7267e-23 4.1315e-23 7.9549e-23
1.0608e+01 2.6230e-23 3.9744e-23 7.6524e-23
1.0699e+01 2.5255e-23 3.8266e-23 7.3678e-23
1.0791e+01 2.4336e-23 3.6873e-23 7.0996e-23
1.0883e+01 2.3458e-23 3.5544e-23 6.8437e-23
1.0976e+01 2.2637e-23 3.4300e-23 6.6042e-23
1.1070e+01 2.1849e-23 3.3106e-23 6.3742e-23
1.1165e+01 2.1108e-23 3.1983e-23 6.1581e-23
1.1261e+01 2.0399e-23 3.0910e-23 5.9513e-23
1.1357e+01 1.9726e-23 2.9889e-23 5.7549e-23
1.1454e+01 1.9085e-23 2.8918e-23 5.5680e-23
1.1552e+01 1.8470e-23 2.7986e-23 5.3885e-23
1.1651e+01 1.7887e-23 2.7103e-23 5.2185e-23
1.1751e+01 1.7328e-23 2.6256e-23 5.0552e-23
1.1852e+01 1.6790e-23 2.5441e-23 4.8984e-23
1.1953e+01 1.6281e-23 2.4669e-23 4.7498e-23
1.2055e+01 1.5790e-23 2.3925e-23 4.6065e-23
1.2159e+01 1.5320e-23 2.3212e-23 4.4693e-23
1.2263e+01 1.4870e-23 2.2531e-23 4.3381e-23
1.2368e+01 1.4436e-23 2.1873e-23 4.2114e-23
1.2474e+01 1.4020e-23 2.1243e-23 4.0902e-23
1.2580e+01 1.3620e-23 2.0636e-23 3.9733e-23
1.2688e+01 1.3237e-23 2.0057e-23 3.8618e-23
1.2797e+01 1.2869e-23 1.9500e-23 3.7545e-23
1.2906e+01 1.2512e-23 1.8959e-23 3.6503e-23
1.3017e+01 1.2173e-23 1.8445e-23 3.5514e-23
1.3128e+01 1.1843e-23 1.7944e-23 3.4550e-23
1.3241e+01 1.1528e-23 1.7467e-23 3.3631e-23
1.3354e+01 1.1221e-23 1.7002e-23 3.2736e-23
1.3468e+01 1.0926e-23 1.6555e-23 3.1875e-23
1.3584e+01 1.0644e-23 1.6127e-23 3.1051e-23
1.3700e+01 1.0369e-23 1.5712e-23 3.0251e-23
1.3817e+01 1.0106e-23 1.5312e-23 2.9482e-23
1.3936e+01 9.8522e-24 1.4928e-23 2.8742e-23
1.4055e+01 9.6051e-24 1.4554e-23 2.8022e-23
1.4175e+01 9.3689e-24 1.4196e-23 2.7333e-23
1.4297e+01 9.1392e-24 1.3848e-23 2.6663e-23
1.4419e+01 8.9173e-24 1.3512e-23 2.6015e-23
1.4543e+01 8.7032e-24 1.3187e-23 2.5390e-23
1.4667e+01 8.4974e-24 1.2875e-23 2.4790e-23
1.4793e+01 8.2978e-24 1.2573e-23 2.4208e-23
1.4919e+01 8.1043e-24 1.2280e-23 2.3643e-23
1.5047e+01 7.9165e-24 1.1995e-23 2.3095e-23
1.5176e+01 7.7356e-24 1.1721e-23 2.2568e-23
1.5306e+01 7.5610e-24 1.1457e-23 2.2058e-23
1.5437e+01 7.3918e-24 1.1200e-23 2.1564e-23
1.5569e+01 7.2277e-24 1.0952e-23 2.1086e-23
1.5702e+01 7.0688e-24 1.0711e-23 2.0622e-23
1.5837e+01 6.9144e-24 1.0477e-23 2.0172e-23
1.5972e+01 6.7656e-24 1.0251e-23 1.9738e-23
1.6109e+01 6.6214e-24 1.0033e-23 1.9317e-23
1.6247e+01 6.4813e-24 9.8205e-24 1.8908e-23
1.6386e+01 6.3457e-24 9.6151e-24 1.8513e-23
1.6526e+01 6.2141e-24 9.4156e-24 1.8129e-23
1.6668e+01 6.0861e-24 9.2218e-24 1.7755e-23
1.6811e+01 5.9623e-24 9.0341e-24 1.7394e-23
1.6955e+01 5.8418e-24 8.8515e-24 1.7043e-23
1.7100e+01 5.7255e-24 8.6754e-24 1.6703e-23
1.7246e+01 5.6120e-24 8.5034e-24 1.6372e-23
1.7394e+01 5.5022e-24 8.3370e-24 1.6052e-23
1.7543e+01 5.3955e-24 8.1753e-24 1.5740e-23
1.7693e+01 5.2913e-24 8.0174e-24 1.5436e-23
1.7844e+01 5.1903e-24 7.8644e-24 1.5142e-23
1.7997e+01 5.0926e-24 7.7164e-24 1.4857e-23
1.8151e+01 4.9973e-24 7.5720e-24 1.4579e-23
1.8307e+01 4.9042e-24 7.4309e-24 1.4307e-23
1.8464e+01 4.8143e-24 7.2947e-24 1.4045e-23
1.8622e+01 4.7266e-24 7.1619e-24 1.3789e-23
1.8781e+01 4.6413e-24 7.0325e-24 1.3540e-23
1.8942e+01 4.5585e-24 6.9071e-24 1.3299e-23
1.9104e+01 4.4773e-24 6.7841e-24 1.3062e-23
1.9268e+01 4.3987e-24 6.6650e-24 1.2832e-23
1.9433e+01 4.3220e-24 6.5488e-24 1.2609e-23
1.9599e+01 4.2476e-24 6.4360e-24 1.2392e-23
1.9767e+01 4.1748e-24 6.3257e-24 1.2179e-23
1.9936e+01 4.1040e-24 6.2185e-24 1.1973e-23
2.0107e+01 4.0350e-24 6.1139e-24 1.1771e-23
2.0279e+01 3.9677e-24 6.0118e-24 1.1575e-23
2.0452e+01 3.9022e-24 5.9126e-24 1.1384e-23
2.0628e+01 3.8381e-24 5.8155e-24 1.1197e-23
2.0804e+01 3.7757e-24 5.7210e-24 1.1015e-23
2.0982e+01 3.7149e-24 5.6289e-24 1.0838e-23
2.1162e+01 3.6556e-24 5.5390e-24 1.0664e-23
2.1343e+01 3.5978e-24 5.4514e-24 1.0496e-23
2.1526e+01 3.5412e-24 5.3657e-24 1.0331e-23
2.1710e+01 3.4860e-24 5.2820e-24 1.0170e-23
2.1896e+01 3.4322e-24 5.2005e-24 1.0013e-23
2.2084e+01 3.3795e-24 5.1207e-24 9.8591e-24
2.2273e+01 3.3283e-24 5.0431e-24 9.7097e-24
2.2463e+01 3.2783e-24 4.9674e-24 9.5639e-24
2.2656e+01 3.2293e-24 4.8930e-24 9.4208e-24
2.2850e+01 3.1815e-24 4.8207e-24 9.2815e-24
2.3045e+01 3.1347e-24 4.7498e-24 9.1450e-24
2.3243e+01 3.0891e-24 4.6806e-24 9.0118e-24
2.3442e+01 3.0446e-24 4.6133e-24 8.8821e-24
2.3642e+01 3.0010e-24 4.5472e-24 8.7549e-24
2.3845e+01 2.9585e-24 4.4828e-24 8.6309e-24
2.4049e+01 2.9167e-24 4.4195e-24 8.5090e-24
2.4255e+01 2.8761e-24 4.3580e-24 8.3906e-24
2.4463e+01 2.8363e-24 4.2976e-24 8.2744e-24
2.4672e+01 2.7974e-24 4.2387e-24 8.1609e-24
2.4883e+01 2.7595e-24 4.1813e-24 8.0503e-24
2.5096e+01 2.7222e-24 4.1248e-24 7.9415e-24
2.5311e+01 2.6859e-24 4.0697e-24 7.8355e-24
2.5528e+01 2.6503e-24 4.0158e-24 7.7317e-24
2.5747e+01 2.6155e-24 3.9631e-24 7.6302e-24
2.5967e+01 2.5815e-24 3.9115e-24 7.5308e-24
2.6189e+01 2.5481e-24 3.8609e-24 7.4335e-24
2.6414e+01 2.5154e-24 3.8114e-24 7.3382e-24
2.6640e+01 2.4836e-24 3.7632e-24 7.2454e-24
2.6868e+01 2.4524e-24 3.7160e-24 7.1544e-24
2.7098e+01 2.4218e-24 3.6696e-24 7.0651e-24
2.7330e+01 2.3920e-24 3.6244e-24 6.9782e-24
2.7564e+01 2.3627e-24 3.5799e-24 6.8925e-24
2.7800e+01 2.3341e-24 3.5367e-24 6.8092e-24
2.8038e+01 2.3061e-24 3.4942e-24 6.7274e-24
2.8278e+01 2.2786e-24 3.4526e-24 6.6473e-24
2.8520e+01 2.2518e-24 3.4120e-24 6.5691e-24
2.8764e+01 2.2254e-24 3.3720e-24 6.4921e-24
2.9011e+01 2.1997e-24 3.3330e-24 6.4171e-24
2.9259e+01 2.1744e-24 3.2947e-24 6.3434e-24
2.9509e+01 2.1497e-24 3.2573e-24 6.2714e-24
2.9762e+01 2.1255e-24 3.2206e-24 6.2007e-24
3.0017e+01 2.1019e-24 3.1849e-24 6.1319e-24
3.0274e+01 2.0787e-24 3.1497e-24 6.0641e-24
3.0533e+01 2.0560e-24 3.1153e-24 5.9979e-24
3.0795e+01 2.0337e-24 3.0816e-24 5.9329e-24
3.1058e+01 2.0119e-24 3.0485e-24 5.8693e-24
3.1324e+01 1.9906e-24 3.0162e-24 5.8071e-24
3.1592e+01 1.9697e-24 2.9846e-24 5.7462e-24
3.1863e+01 1.9492e-24 2.9534e-24 5.6863e-24
3.2136e+01 1.9292e-24 2.9231e-24 5.6278e-24
3.2411e+01 1.9094e-24 2.8932e-24 5.5703e-24
3.2688e+01 1.8902e-24 2.8640e-24 5.5140e-24
3.2968e+01 1.8712e-24 2.8353e-24 5.4588e-24
3.3251e+01 1.8528e-24 2.8074e-24 5.4050e-24
3.3535e+01 1.8347e-24 2.7800e-24 5.3523e-24
3.3822e+01 1.8169e-24 2.7530e-24 5.3004e-24
3.4112e+01 1.7996e-24 2.7267e-24 5.2497e-24
3.4404e+01 1.7824e-24 2.7008e-24 5.1997e-24
3.4699e+01 1.7657e-24 2.6755e-24 5.1511e-24
3.4996e+01 1.7493e-24 2.6506e-24 5.1032e-24
3.5295e+01 1.7333e-24 2.6263e-24 5.0563e-24
3.5598e+01 1.7175e-24 2.6024e-24 5.0104e-24
3.5902e+01 1.7021e-24 2.5791e-24 4.9655e-24
3.6210e+01 1.6869e-24 2.5561e-24 4.9212e-24
3.6520e+01 1.6721e-24 2.5337e-24 4.8780e-24
3.6832e+01 1.6575e-24 2.5115e-24 4.8354e-24
3.7148e+01 1.6433e-24 2.4900e-24 4.7938e-24
3.7466e+01 1.6293e-24 2.4687e-24 4.7530e-24
3.7787e+01 1.6156e-24 2.4481e-24 4.7131e-24
3.8110e+01 1.6021e-24 2.4276e-24 4.6737e-24
3.8437e+01 1.5889e-24 2.4076e-24 4.6353e-24
3.8766e+01 1.5760e-24 2.3880e-24 4.5974e-24
3.9098e+01 1.5633e-24 2.3687e-24 4.5604e-24
3.9432e+01 1.5509e-24 2.3500e-24 4.5243e-24
3.9770e+01 1.5387e-24 2.3315e-24 4.4887e-24
4.0110e+01 1.5267e-24 2.3133e-24 4.4537e-24
4.0454e+01 1.5150e-24 2.2956e-24 4.4195e-24
4.0800e+01 1.5034e-24 2.2780e-24 4.3857e-24
4.1150e+01 1.4922e-24 2.2609e-24 4.3529e-24
4.1502e+01 1.4810e-24 2.2440e-24 4.3203e-24
4.1857e+01 1.4701e-24 2.2275e-24 4.2885e-24
4.2216e+01 1.4594e-24 2.2113e-24 4.2573e-24
4.2577e+01 1.4490e-24 2.1955e-24 4.2269e-24
4.2942e+01 1.4387e-24 2.1799e-24 4.1968e-24
4.3309e+01 1.4286e-24 2.1646e-24 4.1674e-24
4.3680e+01 1.4186e-24 2.1495e-24 4.1383e-24
4.4054e+01 1.4089e-24 2.1348e-24 4.1100e-24
4.4431e+01 1.3994e-24 2.1204e-24 4.0822e-24
4.4812e+01 1.3900e-24 2.1062e-24 4.0549e-24
4.5195e+01 1.3808e-24 2.0921e-24 4.0278e-24
4.5582e+01 1.3717e-24 2.0785e-24 4.0015e-24
4.5973e+01 1.3628e-24 2.0650e-24 3.9756e-24
4.6366e+01 1.3541e-24 2.0518e-24 3.9501e-24
4.6763e+01 1.3455e-24 2.0388e-24 3.9251e-24
4.7164e+01 1.3371e-24 2.0260e-24 3.9006e-24
4.7568e+01 1.3288e-24 2.0135e-24 3.8763e-24
4.7975e+01 1.3207e-24 2.0012e-24 3.8528e-24
4.8386e+01 1.3128e-24 1.9891e-24 3.8295e-24
4.8800e+01 1.3050e-24 1.9773e-24 3.8068e-24
4.9218e+01 1.2973e-24 1.9656e-24 3.7842e-24
4.9639e+01 1.2897e-24 1.9542e-24 3.7622e-24
5.0064e+01 1.2822e-24 1.9428e-24 3.7404e-24
5.0493e+01 1.2749e-24 1.9318e-24 3.7191e-24
5.0925e+01 1.2677e-24 1.9209e-24 3.6982e-24
5.1361e+01 1.2607e-24 1.9103e-24 3.6777e-24
5.1801e+01 1.2538e-24 1.8997e-24 3.6573e-24
5.2244e+01 1.2470e-24 1.8895e-24 3.6376e-24
5.2692e+01 1.2402e-24 1.8792e-24 3.6179e-24
5.3143e+01 1.2337e-24 1.8694e-24 3.5989e-24
5.3598e+01 1.2272e-24 1.8595e-24 3.5799e-24
5.4057e+01 1.2209e-24 1.8499e-24 3.5615e-24
5.4520e+01 1.2146e-24 1.8404e-24 3.5430e-24
5.4987e+01 1.2085e-24 1.8312e-24 3.5253e-24
5.5457e+01 1.2024e-24 1.8220e-24 3.5076e-24
5.5932e+01 1.1965e-24 1.8129e-24 3.4902e-24
5.6411e+01 1.1906e-24 1.8041e-24 3.4732e-24
5.6894e+01 1.1849e-24 1.7953e-24 3.4563e-24
5.7381e+01 1.1792e-24 1.7868e-24 3.4399e-24
5.7872e+01 1.1737e-24 1.7784e-24 3.4236e-24
5.8368e+01 1.1682e-24 1.7700e-24 3.4076e-24
5.8868e+01 1.1628e-24 1.7619e-24 3.3919e-24
5.9372e+01 1.1575e-24 1.7538e-24 3.3764e-24
5.9880e+01 1.1523e-24 1.7460e-24 3.3612e-24
6.0393e+01 1.1472e-24 1.7382e-24 3.3463e-24
6.0910e+01 1.1421e-24 1.7305e-24 3.3315e-24
6.1431e+01 1.1371e-24 1.7230e-24 3.3169e-24
6.1957e+01 1.1322e-24 1.7156e-24 3.3027e-24
6.2488e+01 1.1274e-24 1.7083e-24 3.2888e-24
6.3023e+01 1.1227e-24 1.7012e-24 3.2751e-24
6.3563e+01 1.1180e-24 1.6941e-24 3.2613e-24
6.4107e+01 1.1135e-24 1.6872e-24 3.2481e-24
6.4656e+01 1.1090e-24 1.6803e-24 3.2349e-24
6.5209e+01 1.1045e-24 1.6736e-24 3.2219e-24
6.5768e+01 1.1002e-24 1.6670e-24 3.2093e-24
6.6331e+01 1.0958e-24 1.6604e-24 3.1965e-24
6.6899e+01 1.0916e-24 1.6541e-24 3.1843e-24
6.7471e+01 1.0875e-24 1.6478e-24 3.1721e-24
6.8049e+01 1.0833e-24 1.6415e-24 3.1600e-24
6.8632e+01 1.0793e-24 1.6354e-24 3.1483e-24
6.9219e+01 1.0754e-24 1.6294e-24 3.1368e-24
6.9812e+01 1.0714e-24 1.6235e-24 3.1254e-24
7.0410e+01 1.0675e-24 1.6176e-24 3.1140e-24
7.1013e+01 1.0638e-24 1.6119e-24 3.1031e-24
7.1621e+01 1.0600e-24 1.6062e-24 3.0921e-24
7.2234e+01 1.0564e-24 1.6006e-24 3.0813e-24
7.2852e+01 1.0527e-24 1.5951e-24 3.0708e-24
7.3476e+01 1.0492e-24 1.5897e-24 3.0603e-24
7.4105e+01 1.0456e-24 1.5844e-24 3.0501e-24
7.4740e+01 1.0422e-24 1.5791e-24 3.0399e-24
7.5380e+01 1.0388e-24 1.5740e-24 3.0300e-24
7.6025e+01 1.0354e-24 1.5689e-24 3.0202e-24
7.6676e+01 1.0321e-24 1.5639e-24 3.0105e-24
7.7333e+01 1.0288e-24 1.5589e-24 3.0010e-24
7.7995e+01 1.0256e-24 1.5541e-24 2.9917e-24
7.8663e+01 1.0225e-24 1.5493e-24 2.9825e-24
7.9336e+01 1.0194e-24 1.5446e-24 2.9734e-24
8.0015e+01 1.0163e-24 1.5399e-24 2.9644e-24
8.0701e+01 1.0133e-24 1.5353e-24 2.9556e-24
8.1392e+01 1.0103e-24 1.5308e-24 2.9469e-24
8.2088e+01 1.0074e-24 1.5264e-24 2.9384e-24
8.2791e+01 1.0045e-24 1.5220e-24 2.9299e-24
8.3500e+01 1.0016e-24 1.5177e-24 2.9216e-24
8.4215e+01 9.9885e-25 1.5135e-24 2.9135e-24
8.4936e+01 9.9608e-25 1.5093e-24 2.9054e-24
8.5663e+01 9.9337e-25 1.5052e-24 2.8975e-24
8.6397e+01 9.9070e-25 1.5011e-24 2.8897e-24
8.7137e+01 9.8807e-25 1.4972e-24 2.8820e-24
8.7883e+01 9.8547e-25 1.4932e-24 2.8745e-24
8.8635e+01 9.8292e-25 1.4894e-24 2.8670e-24
8.9394e+01 9.8041e-25 1.4856e-24 2.8597e-24
9.0159e+01 9.7793e-25 1.4818e-24 2.8524e-24
9.0931e+01 9.7550e-25 1.4781e-24 2.8453e-24
9.1710e+01 9.7310e-25 1.4745e-24 2.8384e-24
9.2495e+01 9.7074e-25 1.4709e-24 2.8315e-24
9.3287e+01 9.6842e-25 1.4674e-24 2.8247e-24
9.4086e+01 9.6613e-25 1.4639e-24 2.8180e-24
9.4891e+01 9.6388e-25 1.4605e-24 2.8114e-24
9.5704e+01 9.6166e-25 1.4572e-24 2.8050e-24
9.6523e+01 9.5948e-25 1.4539e-24 2.7986e-24
9.7350e+01 9.5734e-25 1.4506e-24 2.7923e-24
9.8183e+01 9.5523e-25 1.4474e-24 2.7862e-24
9.9024e+01 9.5316e-25 1.4443e-24 2.7801e-24
9.9872e+01 9.5112e-25 1.4412e-24 2.7742e-24
1.0073e+02 9.4912e-25 1.4381e-24 2.7683e-24
1.0159e+02 9.4713e-25 1.4351e-24 2.7625e-24
1.0246e+02 9.4520e-25 1.4322e-24 2.7569e-24
1.0334e+02 9.4329e-25 1.4293e-24 2.7513e-24
1.0422e+02 9.4142e-25 1.4265e-24 2.7459e-24
1.0511e+02 9.3958e-25 1.4237e-24 2.7405e-24
1.0601e+02 9.3776e-25 1.4209e-24 2.7352e-24
1.0692e+02 9.3599e-25 1.4183e-24 2.7301e-24
1.0784e+02 9.3424e-25 1.4156e-24 2.7250e-24
1.0876e+02 9.3254e-25 1.4130e-24 2.7200e-24
1.0969e+02 9.3085e-25 1.4105e-24 2.7151e-24
1.1063e+02 9.2920e-25 1.4080e-24 2.7103e-24
1.1158e+02 9.2759e-25 1.4055e-24 2.7056e-24
1.1253e+02 9.2600e-25 1.4031e-24 2.7009e-24
1.1350e+02 9.2444e-25 1.4008e-24 2.6964e-24
1.1447e+02 9.2292e-25 1.3985e-24 2.6919e-24
1.1545e+02 9.2142e-25 1.3962e-24 2.6875e-24
1.1644e+02 9.1997e-25 1.3940e-24 2.6832e-24
1.1743e+02 9.1854e-25 1.3918e-24 2.6790e-24
1.1844e+02 9.1713e-25 1.3897e-24 2.6748e-24
1.1945e+02 9.1577e-25 1.3876e-24 2.6708e-24
1.2048e+02 9.1442e-25 1.3856e-24 2.6668e-24
1.2151e+02 9.1310e-25 1.3836e-24 2.6629e-24
1.2255e+02 9.1182e-25 1.3816e-24 2.6592e-24
1.2360e+02 9.1058e-25 1.3798e-24 2.6555e-24
1.2466e+02 9.0935e-25 1.3779e-24 2.6519e-24
1.2572e+02 9.0816e-25 1.3761e-24 2.6483e-24
1.2680e+02 9.0700e-25 1.3743e-24 2.6449e-24
1.2789e+02 9.0588e-25 1.3726e-24 2.6416e-24
1.2898e+02 9.0478e-25 1.3710e-24 2.6383e-24
1.3008e+02 9.0371e-25 1.3693e-24 2.6352e-24
1.3120e+02 9.0267e-25 1.3678e-24 2.6321e-24
1.3232e+02 9.0166e-25 1.3662e-24 2.6291e-24
1.3345e+02 9.0068e-25 1.3648e-24 2.6262e-24
1.3460e+02 8.9973e-25 1.3633e-24 2.6234e-24
1.3575e+02 8.9881e-25 1.3619e-24 2.6206e-24
1.3691e+02 8.9792e-25 1.3606e-24 2.6180e-24
1.3808e+02 8.9706e-25 1.3593e-24 2.6154e-24
1.3927e+02 8.9624e-25 1.3580e-24 2.6130e-24
1.4046e+02 8.9544e-25 1.3568e-24 2.6106e-24
1.4166e+02 8.9468e-25 1.3557e-24 2.6083e-24
1.4287e+02 8.9393e-25 1.3545e-24 2.6061e-24
1.4410e+02 8.9323e-25 1.3535e-24 2.6040e-24
1.4533e+02 8.9255e-25 1.3525e-24 2.6020e-24
1.4658e+02 8.9191e-25 1.3515e-24 2.6001e-24
1.4783e+02 8.9130e-25 1.3505e-24 2.5982e-24
1.4910e+02 8.9071e-25 1.3497e-24 2.5965e-24
1.5037e+02 8.9017e-25 1.3488e-24 2.5948e-24
1.5166e+02 8.8965e-25 1.3481e-24 2.5932e-24
1.5296e+02 8.8916e-25 1.3473e-24 2.5918e-24
1.5427e+02 8.8870e-25 1.3466e-24 2.5904e-24
1.5559e+02 8.8828e-25 1.3460e-24 2.5891e-24
1.5692e+02 8.8789e-25 1.3454e-24 2.5879e-24
1.5827e+02 8.8752e-25 1.3448e-24 2.5868e-24
1.5962e+02 8.8720e-25 1.3443e-24 2.5858e-24
1.6099e+02 8.8690e-25 1.3439e-24 2.5849e-24
1.6237e+02 8.8664e-25 1.3435e-24 2.5840e-24
1.6376e+02 8.8641e-25 1.3431e-24 2.5833e-24
1.6516e+02 8.8621e-25 1.3428e-24 2.5827e-24
1.6657e+02 8.8604e-25 1.3426e-24 2.5821e-24
1.6800e+02 8.8592e-25 1.3424e-24 2.5817e-24
1.6944e+02 8.8582e-25 1.3423e-24 2.5814e-24
1.7089e+02 8.8576e-25 1.3422e-24 2.5811e-24
1.7235e+02 8.8573e-25 1.3421e-24 2.5810e-24
1.7383e+02 8.8573e-25 1.3421e-24 2.5809e-24
1.7532e+02 8.8577e-25 1.3422e-24 2.5810e-24
1.7682e+02 8.8584e-25 1.3423e-24 2.5811e-24
1.7833e+02 8.8595e-25 1.3425e-24 2.5814e-24
1.7986e+02 8.8610e-25 1.3427e-24 2.5817e-24
1.8140e+02 8.8628e-25 1.3430e-24 2.5822e-24
1.8295e+02 8.8650e-25 1.3433e-24 2.5827e-24
1.8452e+02 8.8675e-25 1.3437e-24 2.5834e-24
1.8610e+02 8.8703e-25 1.3441e-24 2.5842e-24
1.8769e+02 8.8736e-25 1.3446e-24 2.5851e-24
1.8930e+02 8.8771e-25 1.3451e-24 2.5860e-24
1.9092e+02 8.8812e-25 1.3457e-24 2.5871e-24
1.9255e+02 8.8855e-25 1.3464e-24 2.5883e-24
1.9420e+02 8.8902e-25 1.3471e-24 2.5896e-24
1.9586e+02 8.8954e-25 1.3479e-24 2.5911e-24
1.9754e+02 8.9008e-25 1.3487e-24 2.5926e-24
1.9923e+02 8.9067e-25 1.3496e-24 2.5942e-24
2.0094e+02 8.9130e-25 1.3506e-24 2.5960e-24
2.0266e+02 8.9196e-25 1.3516e-24 2.5978e-24
2.0439e+02 8.9267e-25 1.3526e-24 2.5999e-24
2.0614e+02 8.9341e-25 1.3538e-24 2.6020e-24
2.0791e+02 8.9420e-25 1.3550e-24 2.6043e-24
2.0969e+02 8.9502e-25 1.3562e-24 2.6067e-24
2.1148e+02 8.9588e-25 1.3575e-24 2.6093e-24
2.1330e+02 8.9679e-25 1.3589e-24 2.6119e-24
2.1512e+02 8.9774e-25 1.3603e-24 2.6147e-24
2.1696e+02 8.9873e-25 1.3618e-24 2.6176e-24
2.1882e+02 8.9976e-25 1.3634e-24 2.6206e-24
2.2069e+02 9.0083e-25 1.3650e-24 2.6237e-24
2.2258e+02 9.0195e-25 1.3667e-24 2.6270e-24
2.2449e+02 9.0311e-25 1.3685e-24 2.6304e-24
2.2641e+02 9.0432e-25 1.3703e-24 2.6339e-24
2.2835e+02 9.0556e-25 1.3722e-24 2.6376e-24
2.3031e+02 9.0686e-25 1.3742e-24 2.6413e-24
2.3228e+02 9.0819e-25 1.3762e-24 2.6452e-24
2.3427e+02 9.0958e-25 1.3783e-24 2.6493e-24
2.3627e+02 9.1100e-25 1.3804e-24 2.6535e-24
2.3830e+02 9.1247e-25 1.3827e-24 2.6577e-24
2.4034e+02 9.1399e-25 1.3850e-24 2.6622e-24
2.4239e+02 9.1556e-25 1.3874e-24 2.6668e-24
2.4447e+02 9.1717e-25 1.3898e-24 2.6715e-24
2.4656e+02 9.1883e-25 1.3923e-24 2.6763e-24
2.4867e+02 9.2054e-25 1.3949e-24 2.6813e-24
2.5080e+02 9.2230e-25 1.3976e-24 2.6864e-24
2.5295e+02 9.2411e-25 1.4003e-24 2.6917e-24
2.5512e+02 9.2596e-25 1.4031e-24 2.6971e-24
2.5730e+02 9.2786e-25 1.4060e-24 2.7027e-24
2.5950e+02 9.2982e-25 1.4090e-24 2.7084e-24
2.6173e+02 9.3182e-25 1.4120e-24 2.7142e-24
2.6397e+02 9.3387e-25 1.4151e-24 2.7202e-24
2.6623e+02 9.3598e-25 1.4183e-24 2.7264e-24
2.6851e+02 9.3814e-25 1.4216e-24 2.7327e-24
2.7080e+02 9.4035e-25 1.4249e-24 2.7391e-24
2.7312e+02 9.4261e-25 1.4284e-24 2.7457e-24
2.7546e+02 9.4492e-25 1.4319e-24 2.7525e-24
2.7782e+02 9.4729e-25 1.4355e-24 2.7594e-24
2.8020e+02 9.4972e-25 1.4391e-24 2.7665e-24
2.8260e+02 9.5219e-25 1.4429e-24 2.7737e-24
2.8502e+02 9.5472e-25 1.4467e-24 2.7811e-24
2.8746e+02 9.5731e-25 1.4506e-24 2.7887e-24
2.8992e+02 9.5995e-25 1.4546e-24 2.7964e-24
2.9240e+02 9.6266e-25 1.4587e-24 2.8043e-24
2.9491e+02 9.6541e-25 1.4629e-24 2.8123e-24
2.9743e+02 9.6822e-25 1.4672e-24 2.8205e-24
2.9998e+02 9.7109e-25 1.4715e-24 2.8289e-24
3.0255e+02 9.7402e-25 1.4760e-24 2.8374e-24
3.0514e+02 9.7700e-25 1.4805e-24 2.8461e-24
3.0775e+02 9.8006e-25 1.4851e-24 2.8551e-24
3.1038e+02 9.8316e-25 1.4898e-24 2.8641e-24
3.1304e+02 9.8633e-25 1.4946e-24 2.8734e-24
3.1572e+02 9.8955e-25 1.4995e-24 2.8828e-24
3.1842e+02 9.9284e-25 1.5045e-24 2.8924e-24
3.2115e+02 9.9618e-25 1.5095e-24 2.9021e-24
3.2390e+02 9.9960e-25 1.5147e-24 2.9121e-24
3.2667e+02 1.0031e-24 1.5200e-24 2.9222e-24
3.2947e+02 1.0066e-24 1.5253e-24 2.9325e-24
3.3229e+02 1.0102e-24 1.5308e-24 2.9430e-24
3.3514e+02 1.0139e-24 1.5364e-24 2.9537e-24
3.3801e+02 1.0176e-24 1.5420e-24 2.9646e-24
3.4090e+02 1.0214e-24 1.5477e-24 2.9757e-24
3.4382e+02 1.0252e-24 1.5536e-24 2.9869e-24
3.4676e+02 1.0292e-24 1.5595e-24 2.9984e-24
3.4973e+02 1.0332e-24 1.5656e-24 3.0100e-24
3.5273e+02 1.0372e-24 1.5717e-24 3.0219e-24
3.5575e+02 1.0413e-24 1.5780e-24 3.0339e-24
3.5879e+02 1.0455e-24 1.5843e-24 3.0461e-24
3.6187e+02 1.0498e-24 1.5908e-24 3.0585e-24
3.6496e+02 1.0541e-24 1.5974e-24 3.0712e-24
3.6809e+02 1.0585e-24 1.6040e-24 3.0840e-24
3.7124e+02 1.0630e-24 1.6108e-24 3.0971e-24
3.7442e+02 1.0675e-24 1.6176e-24 3.1102e-24
3.7762e+02 1.0721e-24 1.6246e-24 3.1237e-24
3.8086e+02 1.0769e-24 1.6318e-24 3.1376e-24
3.8412e+02 1.0816e-24 1.6390e-24 3.1514e-24
3.8741e+02 1.0864e-24 1.6463e-24 3.1653e-24
3.9072e+02 1.0913e-24 1.6537e-24 3.1796e-24
3.9407e+02 1.0962e-24 1.6612e-24 3.1942e-24
3.9744e+02 1.1014e-24 1.6690e-24 3.2091e-24
4.0085e+02 1.1064e-24 1.6767e-24 3.2239e-24
4.0428e+02 1.1117e-24 1.6846e-24 3.2392e-24
4.0774e+02 1.1169e-24 1.6925e-24 3.2545e-24
4.1123e+02 1.1223e-24 1.7007e-24 3.2701e-24
4.1475e+02 1.1277e-24 1.7089e-24 3.2860e-24
4.1830e+02 1.1332e-24 1.7173e-24 3.3021e-24
4.2189e+02 1.1388e-24 1.7258e-24 3.3185e-24
4.2550e+02 1.1444e-24 1.7343e-24 3.3348e-24
4.2914e+02 1.1502e-24 1.7431e-24 3.3518e-24
4.3282e+02 1.1561e-24 1.7519e-24 3.3688e-24
4.3652e+02 1.1619e-24 1.7608e-24 3.3858e-24
4.4026e+02 1.1679e-24 1.7698e-24 3.4033e-24
4.4403e+02 1.1740e-24 1.7791e-24 3.4212e-24
4.4783e+02 1.1802e-24 1.7884e-24 3.4391e-24
4.5166e+02 1.1864e-24 1.7978e-24 3.4572e-24
4.5553e+02 1.1927e-24 1.8074e-24 3.4757e-24
4.5943e+02 1.1991e-24 1.8171e-24 3.4944e-24
4.6337e+02 1.2056e-24 1.8270e-24 3.5134e-24
4.6733e+02 1.2122e-24 1.8369e-24 3.5325e-24
4.7133e+02 1.2188e-24 1.8470e-24 3.5518e-24
4.7537e+02 1.2255e-24 1.8572e-24 3.5715e-24
4.7944e+02 1.2324e-24 1.8676e-24 3.5916e-24
4.8355e+02 1.2393e-24 1.8781e-24 3.6117e-24
4.8769e+02 1.2463e-24 1.8887e-24 3.6322e-24
4.9186e+02 1.2534e-24 1.8995e-24 3.6530e-24
4.9607e+02 1.2606e-24 1.9103e-24 3.6738e-24
5.0032e+02 1.2679e-24 1.9214e-24 3.6953e-24
5.0460e+02 1.2752e-24 1.9325e-24 3.7166e-24
5.0892e+02 1.2827e-24 1.9439e-24 3.7385e-24
5.1328e+02 1.2902e-24 1.9553e-24 3.7605e-24
5.1768e+02 1.2979e-24 1.9669e-24 3.7828e-24
5.2211e+02 1.3056e-24 1.9786e-24 3.8054e-24
5.2658e+02 1.3135e-24 1.9905e-24 3.8283e-24
5.3109e+02 1.3214e-24 2.0025e-24 3.8515e-24
5.3564e+02 1.3294e-24 2.0146e-24 3.8748e-24
5.4022e+02 1.3376e-24 2.0271e-24 3.8987e-24
5.4485e+02 1.3458e-24 2.0395e-24 3.9227e-24
5.4951e+02 1.3541e-24 2.0521e-24 3.9470e-24
5.5422e+02 1.3625e-24 2.0648e-24 3.9714e-24
5.5896e+02 1.3711e-24 2.0778e-24 3.9964e-24
5.6375e+02 1.3796e-24 2.0908e-24 4.0214e-24
5.6858e+02 1.3884e-24 2.1040e-24 4.0470e-24
5.7344e+02 1.3972e-24 2.1174e-24 4.0727e-24
5.7835e+02 1.4061e-24 2.1309e-24 4.0987e-24
5.8331e+02 1.4151e-24 2.1446e-24 4.1251e-24
5.8830e+02 1.4243e-24 2.1584e-24 4.1518e-24
5.9334e+02 1.4334e-24 2.1724e-24 4.1786e-24
5.9842e+02 1.4428e-24 2.1866e-24 4.2060e-24
6.0354e+02 1.4522e-24 2.2009e-24 4.2335e-24
6.0871e+02 1.4618e-24 2.2153e-24 4.2613e-24
6.1392e+02 1.4714e-24 2.2299e-24 4.2895e-24
6.1918e+02 1.4812e-24 2.2447e-24 4.3180e-24
6.2448e+02 1.4911e-24 2.2597e-24 4.3469e-24
6.2983e+02 1.5011e-24 2.2749e-24 4.3761e-24
6.3522e+02 1.5111e-24 2.2901e-24 4.4054e-24
6.4066e+02 1.5213e-24 2.3056e-24 4.4353e-24
6.4614e+02 1.5316e-24 2.3212e-24 4.4652e-24
6.5168e+02 1.5420e-24 2.3370e-24 4.4957e-24
6.5726e+02 1.5526e-24 2.3530e-24 4.5264e-24
6.6288e+02 1.5633e-24 2.3692e-24 4.5576e-24
6.6856e+02 1.5740e-24 2.3855e-24 4.5888e-24
6.7428e+02 1.5849e-24 2.4020e-24 4.6206e-24
6.8006e+02 1.5959e-24 2.4186e-24 4.6526e-24
6.8588e+02 1.6071e-24 2.4356e-24 4.6851e-24
6.9175e+02 1.6183e-24 2.4525e-24 4.7177e-24
6.9767e+02 1.6297e-24 2.4698e-24 4.7510e-24
7.0365e+02 1.6411e-24 2.4872e-24 4.7843e-24
7.0967e+02 1.6527e-24 2.5048e-24 4.8182e-24
7.1575e+02 1.6644e-24 2.5225e-24 4.8523e-24
7.2188e+02 1.6763e-24 2.5406e-24 4.8869e-24
7.2806e+02 1.6883e-24 2.5587e-24 4.9219e-24
7.3429e+02 1.7004e-24 2.5770e-24 4.9570e-24
7.4058e+02 1.7126e-24 2.5956e-24 4.9927e-24
7.4692e+02 1.7250e-24 2.6143e-24 5.0287e-24
7.5332e+02 1.7374e-24 2.6332e-24 5.0649e-24
7.5977e+02 1.7500e-24 2.6523e-24 5.1016e-24
7.6627e+02 1.7628e-24 2.6716e-24 5.1388e-24
7.7283e+02 1.7756e-24 2.6911e-24 5.1763e-24
7.7945e+02 1.7887e-24 2.7109e-24 5.2144e-24
7.8612e+02 1.8018e-24 2.7308e-24 5.2526e-24
7.9285e+02 1.8151e-24 2.7510e-24 5.2914e-24
7.9964e+02 1.8285e-24 2.7713e-24 5.3304e-24
8.0649e+02 1.8449e-24 2.7961e-24 5.3780e-24
8.1339e+02 1.8557e-24 2.8126e-24 5.4097e-24
8.2036e+02 1.8696e-24 2.8336e-24 5.4500e-24
8.2738e+02 1.8835e-24 2.8547e-24 5.4906e-24
8.3447e+02 1.8976e-24 2.8760e-24 5.5316e-24
8.4161e+02 1.9118e-24 2.8976e-24 5.5732e-24
8.4882e+02 1.9262e-24 2.9193e-24 5.6151e-24
8.5608e+02 1.9408e-24 2.9414e-24 5.6574e-24
8.6341e+02 1.9554e-24 2.9635e-24 5.7001e-24
8.7081e+02 1.9702e-24 2.9859e-24 5.7431e-24
8.7826e+02 1.9852e-24 3.0086e-24 5.7868e-24
8.8578e+02 2.0003e-24 3.0314e-24 5.8308e-24
8.9337e+02 2.0155e-24 3.0545e-24 5.8752e-24
9.0102e+02 2.0310e-24 3.0779e-24 5.9203e-24
9.0873e+02 2.0465e-24 3.1015e-24 5.9656e-24
9.1651e+02 2.0623e-24 3.1253e-24 6.0114e-24
9.2436e+02 2.0781e-24 3.1493e-24 6.0577e-24
9.3227e+02 2.0941e-24 3.1735e-24 6.1042e-24
9.4026e+02 2.1103e-24 3.1980e-24 6.1515e-24
9.4831e+02 2.1267e-24 3.2227e-24 6.1991e-24
9.5643e+02 2.1432e-24 3.2478e-24 6.2473e-24
9.6462e+02 2.1598e-24 3.2729e-24 6.2961e-24
9.7287e+02 2.1767e-24 3.2984e-24 6.3458e-24
9.8120e+02 2.1936e-24 3.3241e-24 6.3958e-24
9.8961e+02 2.2108e-24 3.3500e-24 6.4464e-24
9.9808e+02 2.2281e-24 3.3763e-24 6.4976e-24
1.0066e+03 2.2456e-24 3.4027e-24 6.5492e-24
1.0152e+03 2.2634e-24 3.4296e-24 6.6016e-24
1.0239e+03 2.2811e-24 3.4564e-24 6.6539e-24
1.0327e+03 2.2991e-24 3.4837e-24 6.7072e-24
1.0415e+03 2.3173e-24 3.5111e-24 6.7607e-24
1.0505e+03 2.3356e-24 3.5389e-24 6.8148e-24
1.0595e+03 2.3542e-24 3.5670e-24 6.8698e-24
1.0685e+03 2.3729e-24 3.5952e-24 6.9249e-24
1.0777e+03 2.3918e-24 3.6240e-24 6.9810e-24
1.0869e+03 2.4108e-24 3.6527e-24 7.0363e-24
1.0962e+03 2.4301e-24 3.6819e-24 7.0926e-24
1.1056e+03 2.4495e-24 3.7112e-24 7.1491e-24
1.1151e+03 2.4691e-24 3.7409e-24 7.2061e-24
1.1246e+03 2.4889e-24 3.7708e-24 7.2637e-24
1.1342e+03 2.5089e-24 3.8010e-24 7.3219e-24
1.1440e+03 2.5292e-24 3.8317e-24 7.3809e-24
1.1537e+03 2.5494e-24 3.8623e-24 7.4398e-24
1.1636e+03 2.5701e-24 3.8936e-24 7.4999e-24
1.1736e+03 2.5908e-24 3.9250e-24 7.5606e-24
1.1836e+03 2.6117e-24 3.9566e-24 7.6228e-24
1.1938e+03 2.6329e-24 3.9886e-24 7.6859e-24
1.2040e+03 2.6543e-24 4.0210e-24 7.7495e-24
1.2143e+03 2.6758e-24 4.0534e-24 7.8135e-24
1.2247e+03 2.6977e-24 4.0866e-24 7.8788e-24
1.2352e+03 2.7196e-24 4.1197e-24 7.9442e-24
1.2458e+03 2.7418e-24 4.1533e-24 8.0103e-24
1.2564e+03 2.7642e-24 4.1872e-24 8.0772e-24
1.2672e+03 2.7868e-24 4.2214e-24 8.1447e-24
1.2780e+03 2.8096e-24 4.2558e-24 8.2124e-24
1.2890e+03 2.8326e-24 4.2906e-24 8.2797e-24
1.3000e+03 2.8557e-24 4.3256e-24 8.3474e-24
1.3111e+03 2.8792e-24 4.3612e-24 8.4162e-24
1.3224e+03 2.9030e-24 4.3970e-24 8.4856e-24
1.3337e+03 2.9269e-24 4.4332e-24 8.5557e-24
1.3451e+03 2.9510e-24 4.4697e-24 8.6263e-24
1.3566e+03 2.9754e-24 4.5065e-24 8.6976e-24
1.3682e+03 3.0000e-24 4.5438e-24 8.7697e-24
1.3800e+03 3.0248e-24 4.5812e-24 8.8421e-24
1.3918e+03 3.0499e-24 4.6192e-24 8.9158e-24
1.4037e+03 3.0751e-24 4.6572e-24 8.9893e-24
1.4157e+03 3.1006e-24 4.6959e-24 9.0642e-24
1.4278e+03 3.1263e-24 4.7347e-24 9.1394e-24
1.4401e+03 3.1524e-24 4.7741e-24 9.2156e-24
1.4524e+03 3.1787e-24 4.8139e-24 9.2929e-24
1.4648e+03 3.2052e-24 4.8540e-24 9.3703e-24
1.4774e+03 3.2319e-24 4.8944e-24 9.4485e-24
1.4900e+03 3.2590e-24 4.9354e-24 9.5278e-24
1.5028e+03 3.2861e-24 4.9765e-24 9.6072e-24
1.5156e+03 3.3137e-24 5.0182e-24 9.6879e-24
1.5286e+03 3.3414e-24 5.0603e-24 9.7692e-24
1.5417e+03 3.3693e-24 5.1025e-24 9.8509e-24
1.5549e+03 3.3978e-24 5.1456e-24 9.9342e-24
1.5682e+03 3.4264e-24 5.1889e-24 1.0018e-23
1.5816e+03 3.4551e-24 5.2324e-24 1.0102e-23
1.5952e+03 3.4841e-24 5.2763e-24 1.0186e-23
1.6088e+03 3.5137e-24 5.3212e-24 1.0273e-23
1.6226e+03 3.5431e-24 5.3656e-24 1.0358e-23
1.6365e+03 3.5731e-24 5.4110e-24 1.0446e-23
1.6505e+03 3.6033e-24 5.4568e-24 1.0534e-23
1.6647e+03 3.6338e-24 5.5029e-24 1.0623e-23
1.6789e+03 3.6645e-24 5.5495e-24 1.0713e-23
1.6933e+03 3.6956e-24 5.5966e-24 1.0803e-23
1.7078e+03 3.7270e-24 5.6442e-24 1.0895e-23
1.7224e+03 3.7586e-24 5.6920e-24 1.0987e-23
1.7372e+03 3.7906e-24 5.7405e-24 1.1081e-23
1.7520e+03 3.8228e-24 5.7892e-24 1.1174e-23
1.7670e+03 3.8554e-24 5.8385e-24 1.1269e-23
1.7822e+03 3.8882e-24 5.8882e-24 1.1365e-23
1.7974e+03 3.9214e-24 5.9385e-24 1.1462e-23
1.8128e+03 3.9550e-24 5.9893e-24 1.1560e-23
1.8283e+03 3.9887e-24 6.0404e-24 1.1658e-23
1.8440e+03 4.0227e-24 6.0920e-24 1.1758e-23
1.8598e+03 4.0571e-24 6.1440e-24 1.1858e-23
1.8757e+03 4.0920e-24 6.1968e-24 1.1959e-23
1.8918e+03 4.1271e-24 6.2499e-24 1.2062e-23
1.9080e+03 4.1624e-24 6.3034e-24 1.2165e-23
1.9243e+03 4.1982e-24 6.3577e-24 1.2269e-23
1.9408e+03 4.2342e-24 6.4122e-24 1.2374e-23
1.9574e+03 4.2708e-24 6.4676e-24 1.2481e-23
1.9741e+03 4.3076e-24 6.5232e-24 1.2588e-23
1.9910e+03 4.3446e-24 6.5794e-24 1.2697e-23
2.0081e+03 4.3821e-24 6.6361e-24 1.2806e-23
2.0253e+03 4.4201e-24 6.6936e-24 1.2917e-23
2.0426e+03 4.4582e-24 6.7514e-24 1.3029e-23
2.0601e+03 4.4968e-24 6.8097e-24 1.3142e-23
2.0778e+03 4.5357e-24 6.8687e-24 1.3256e-23
2.0955e+03 4.5751e-24 6.9284e-24 1.3371e-23
2.1135e+03 4.6147e-24 6.9883e-24 1.3487e-23
2.1316e+03 4.6549e-24 7.0491e-24 1.3604e-23
2.1498e+03 4.6953e-24 7.1103e-24 1.3722e-23
2.1682e+03 4.7361e-24 7.1721e-24 1.3841e-23
2.1868e+03 4.7774e-24 7.2347e-24 1.3961e-23
2.2055e+03 4.8190e-24 7.2977e-24 1.4083e-23
2.2244e+03 4.8612e-24 7.3615e-24 1.4205e-23
2.2435e+03 4.9036e-24 7.4257e-24 1.4328e-23
2.2627e+03 4.9463e-24 7.4905e-24 1.4452e-23
2.2820e+03 4.9897e-24 7.5562e-24 1.4579e-23
2.3016e+03 5.0333e-24 7.6221e-24 1.4705e-23
2.3213e+03 5.0774e-24 7.6890e-24 1.4833e-23
2.3412e+03 5.1220e-24 7.7565e-24 1.4963e-23
2.3612e+03 5.1669e-24 7.8245e-24 1.5093e-23
2.3814e+03 5.2124e-24 7.8932e-24 1.5225e-23
2.4018e+03 5.2582e-24 7.9623e-24 1.5358e-23
2.4224e+03 5.3046e-24 8.0323e-24 1.5493e-23
2.4431e+03 5.3511e-24 8.1025e-24 1.5628e-23
2.4640e+03 5.3985e-24 8.1738e-24 1.5766e-23
2.4851e+03 5.4462e-24 8.2457e-24 1.5904e-23
2.5064e+03 5.4943e-24 8.3182e-24 1.6044e-23
2.5279e+03 5.5430e-24 8.3916e-24 1.6185e-23
2.5495e+03 5.5921e-24 8.4657e-24 1.6328e-23
2.5714e+03 5.6416e-24 8.5402e-24 1.6471e-23
2.5934e+03 5.6918e-24 8.6158e-24 1.6617e-23
2.6156e+03 5.7423e-24 8.6920e-24 1.6764e-23
2.6380e+03 5.7934e-24 8.7689e-24 1.6912e-23
2.6606e+03 5.8449e-24 8.8465e-24 1.7061e-23
2.6833e+03 5.8970e-24 8.9250e-24 1.7212e-23
2.7063e+03 5.9496e-24 9.0042e-24 1.7365e-23
2.7295e+03 6.0028e-24 9.0844e-24 1.7517e-23
2.7529e+03 6.0564e-24 9.1651e-24 1.7667e-23
2.7764e+03 6.1107e-24 9.2468e-24 1.7819e-23
2.8002e+03 6.1656e-24 9.3295e-24 1.7972e-23
2.8242e+03 6.2208e-24 9.4127e-24 1.8129e-23
2.8484e+03 6.2766e-24 9.4967e-24 1.8289e-23
2.8727e+03 6.3330e-24 9.5816e-24 1.8452e-23
2.8973e+03 6.3901e-24 9.6675e-24 1.8616e-23
2.9221e+03 6.4477e-24 9.7542e-24 1.8782e-23
2.9472e+03 6.5059e-24 9.8418e-24 1.8950e-23
2.9724e+03 6.5646e-24 9.9302e-24 1.9119e-23
2.9978e+03 6.6240e-24 1.0020e-23 1.9290e-23
3.0235e+03 6.6840e-24 1.0110e-23 1.9463e-23
3.0494e+03 6.7445e-24 1.0201e-23 1.9637e-23
3.0755e+03 6.8058e-24 1.0293e-23 1.9814e-23
3.1018e+03 6.8676e-24 1.0387e-23 1.9992e-23
3.1284e+03 6.9301e-24 1.0481e-23 2.0172e-23
3.1552e+03 6.9933e-24 1.0579e-23 2.0354e-23
3.1822e+03 7.0570e-24 1.0678e-23 2.0537e-23
3.2095e+03 7.1215e-24 1.0777e-23 2.0722e-23
3.2369e+03 7.1868e-24 1.0878e-23 2.0910e-23
3.2646e+03 7.2526e-24 1.0980e-23 2.1099e-23
3.2926e+03 7.3190e-24 1.1083e-23 2.1290e-23
3.3208e+03 7.3862e-24 1.1185e-23 2.1484e-23
3.3492e+03 7.4542e-24 1.1288e-23 2.1679e-23
3.3779e+03 7.5228e-24 1.1391e-23 2.1876e-23
3.4068e+03 7.5921e-24 1.1496e-23 2.2076e-23
3.4360e+03 7.6623e-24 1.1601e-23 2.2277e-23
3.4654e+03 7.7330e-24 1.1708e-23 2.2480e-23
3.4951e+03 7.8045e-24 1.1816e-23 2.2686e-23
3.5250e+03 7.8770e-24 1.1925e-23 2.2896e-23
3.5552e+03 7.9500e-24 1.2035e-23 2.3108e-23
3.5856e+03 8.0240e-24 1.2147e-23 2.3323e-23
3.6163e+03 8.0986e-24 1.2260e-23 2.3539e-23
3.6473e+03 8.1743e-24 1.2374e-23 2.3759e-23
3.6785e+03 8.2505e-24 1.2489e-23 2.3980e-23
3.7100e+03 8.3278e-24 1.2605e-23 2.4204e-23
3.7418e+03 8.4057e-24 1.2723e-23 2.4430e-23
3.7738e+03 8.4846e-24 1.2842e-23 2.4660e-23
3.8061e+03 8.5644e-24 1.2963e-23 2.4891e-23
3.8387e+03 8.6450e-24 1.3084e-23 2.5125e-23
3.8716e+03 8.7266e-24 1.3208e-23 2.5362e-23
3.9047e+03 8.8091e-24 1.3332e-23 2.5601e-23
3.9382e+03 8.8925e-24 1.3458e-23 2.5843e-23
3.9719e+03 8.9768e-24 1.3585e-23 2.6088e-23
4.0059e+03 9.0620e-24 1.3714e-23 2.6335e-23
4.0402e+03 9.1483e-24 1.3844e-23 2.6586e-23
4.0748e+03 9.2354e-24 1.3976e-23 2.6839e-23
4.1097e+03 9.3236e-24 1.4109e-23 2.7095e-23
4.1449e+03 9.4128e-24 1.4244e-23 2.7355e-23
4.1804e+03 9.5031e-24 1.4380e-23 2.7623e-23
4.2162e+03 9.5944e-24 1.4518e-23 2.7894e-23
4.2523e+03 9.6866e-24 1.4657e-23 2.8169e-23
4.2887e+03 9.7799e-24 1.4798e-23 2.8447e-23
4.3254e+03 9.8744e-24 1.4942e-23 2.8729e-23
4.3624e+03 9.9700e-24 1.5088e-23 2.9014e-23
4.3998e+03 1.0067e-23 1.5235e-23 2.9302e-23
4.4374e+03 1.0165e-23 1.5385e-23 2.9594e-23
4.4754e+03 1.0263e-23 1.5536e-23 2.9890e-23
4.5138e+03 1.0364e-23 1.5689e-23 3.0189e-23
4.5524e+03 1.0465e-23 1.5844e-23 3.0492e-23
4.5914e+03 1.0568e-23 1.6001e-23 3.0806e-23
4.6307e+03 1.0671e-23 1.6159e-23 3.1132e-23
4.6703e+03 1.0776e-23 1.6320e-23 3.1456e-23
4.7103e+03 1.0883e-23 1.6483e-23 3.1773e-23
4.7507e+03 1.0990e-23 1.6647e-23 3.2091e-23
4.7913e+03 1.1099e-23 1.6814e-23 3.2413e-23
4.8324e+03 1.1209e-23 1.6982e-23 3.2737e-23
4.8737e+03 1.1321e-23 1.7153e-23 3.3052e-23
4.9155e+03 1.1434e-23 1.7323e-23 3.3370e-23
4.9576e+03 1.1548e-23 1.7495e-23 3.3691e-23
5.0000e+03 1.1664e-23 1.7670e-23 3.4029e-23
